$SPEC_ID:
R042621M 110 - 2.4 MeV
$MEAS_TIM:
 29842
$DATA:
       0    1023
    2400    1000   10000   10000    7000   10000       0  300000  298420   19000
    1042   80100    4655       0    1000       1       1       1    1024      77
   54989   43658   42621       0       0     103     148     141     133     130
     144     141     134     152     155     141     143     162     153     134
     143     131     159     143     152     147     150     157     153     147
     150     145     154     159     140     153     129     161     160     152
     143     154     144     146     164     157     171     176     160     151
     175     177     158     153     186     178     149     182     169     177
     167     176     177     186     177     189     153     173     170     175
     168     164     139     168     182     171     173     188     169     159
     193     155     192     185     177     177     175     182     159     181
     158     181     168     163     182     176     183     197     165     166
     183     190     193     172     196     187     173     204     191     179
     202     201     197     193     170     200     194     177     208     202
     201     168     203     203     221     185     181     220     218     223
     205     212     204     211     199     214     196     196     214     207
     193     206     210     216     223     215     221     203     204     201
     208     181     186     192     196     225     235     240     198     190
     205     202     211     194     237     227     218     225     228     219
     217     192     203     209     204     209     213     207     200     209
     236     202     225     203     230     203     226     215     238     223
     246     220     221     221     234     241     234     197     217     206
     187     209     205     217     218     225     212     196     200     221
     227     229     233     197     208     200     210     192     216     217
     197     227     233     222     253     236     237     234     257     226
     220     271     252     245     256     271     252     246     225     270
     248     260     264     248     272     238     246     267     247     258
     265     271     253     252     266     284     272     267     287     272
     281     282     281     296     294     286     318     299     286     303
     316     300     309     288     337     293     283     247     283     270
     303     260     274     274     250     252     286     270     273     257
     262     256     297     269     307     284     265     296     300     328
     260     270     265     274     316     296     268     303     298     287
     300     285     269     265     293     283     293     275     278     266
     247     280     255     274     281     271     314     313     325     284
     307     275     279     266     288     305     275     278     264     323
     286     302     322     315     292     291     273     285     297     285
     270     308     322     315     289     305     327     295     262     310
     286     316     271     263     284     288     281     226     239     291
     247     270     273     229     274     252     255     241     248     232
     213     211     204     212     182     186     194     202     188     169
     199     204     199     212     212     197     196     211     200     170
     128     101      76      43      34      16      11       7       3       3
       6       5      12       4       6       2       5       3       4       1
       8       5       5       8       2       4       5       5       2       4
       6       6       6       7       4       5       1       3       5       1
       5       3       5       4       3       5       2       5       4       4
      12       6       3       6      12      41      75     188     335     584
    1019    1319    1662    1879    1804    1550    1174     791     470     232
      93      31       7       2       7       2       2       1       1       0
       2       4       1       2       0       2       1       4       5       1
       1       3       3       4       4       3       3       3       3       2
       4       1       5       5       3       5       9       4       2       4
       4       4       5       8       6       2       8       2       3       5
       4       5       2       2       2       0       6       3       3       3
       2       4       2       3       0       0       2       5       0       2
       2       5       0       0       1       1       1       0       0       1
       0       1       1       0       0       1       0       1       1       0
       0       0       0       1       1       0       0       0       0       0
       0       0       0       0       0       1       0       1       0       0
       0       0       0       0       0       0       0       0       0       0
       0       0       0       0       0       0       0       0       0       0
       0       0       0       0       0       0       0       0       0       0
       0       0       0       0       0       1       0       0       0       0
       0       0       0       0       0       0       0       0       0       0
       0       0       0       0       0       0       0       0       0       0
       0       0       1       0       0       0       0       0       0       0
       0       0       1       0       1       0       0       0       0       0
       0       0       0       0       0       0       0       0       0       0
       0       0       0       0       0       0       0       0       0       0
       0       0       0       0       0       0       0       0       0       0
       0       0       0       0       0       0       1       0       0       0
       0       0       0       0       0       0       0       0       0       0
       0       0       0       0       0       0       0       0       0       0
       0       0       0       0       0       0       0       0       0       0
       0       0       0       0       0       0       0       0       0       0
       0       0       0       0       0       0       0       0       0       0
       0       0       0       0       0       0       0       0       0       0
       0       0       0       0       0       0       0       0       0       0
       0       0       0       0       0       0       0       0       0       0
       0       0       0       0       0       0       0       0       0       0
       0       0       0       0       0       0       0       0       0       0
       0       0       0       0       0       0       0       0       0       0
       0       0       0       0       0       0       0       0       0       0
       0       0       0       0       0       0       0       0       0       0
       0       0       0       0       0       0       0       0       1       0
       0       0       0       0       0       0       0       0       0       0
       0       0       0       0       0       0       0       0       0       0
       0       0       0       0       0       0       0       0       0       0
       0       0       0       0       0       0       0       0       0       0
       0       0       0       0       0       0       0       0       0       0
       0       0       0       0       0       0       0       0       0       0
       0       0       0       0       0       0       0       0       0       0
       0       0       0       0       0       0       0       0       0       0
       0       0       0       0       0       0       0       0       0       0
       0       0       0       0       0       0       0       0       0       0
       0       0       0       0       0       0       0       0       0       0
       0       0       0       0       0       0       0       0       0       0
       0       0       0       0       0       0       0       0       0       0
       0       0       0       0       0       0       0       0       0       0
       0       0       0       0       0       0       0       0       0       0
       0       0       0       0       0       0       0       0       0       0
       0       0       0       0
