 2400
 1000
 10000
 10000
 7000
 60000
 0
 300000
 299660
 12000
 672
 123700
 5341
 0
 1000
 1
 1
 1
 1024
 80
 54989
 43658
 42621
 0
 0
 154
 131
 154
 149
 142
 156
 178
 152
 147
 145
 146
 169
 147
 151
 165
 131
 154
 149
 146
 135
 141
 135
 134
 145
 153
 148
 130
 167
 163
 154
 153
 165
 140
 155
 153
 143
 136
 135
 161
 160
 151
 154
 150
 171
 167
 159
 163
 151
 157
 154
 147
 158
 171
 150
 146
 171
 173
 170
 159
 169
 159
 162
 181
 131
 166
 175
 157
 155
 168
 161
 209
 151
 175
 148
 157
 141
 166
 158
 163
 166
 164
 166
 173
 159
 160
 162
 169
 132
 130
 149
 147
 185
 140
 160
 170
 163
 157
 161
 139
 171
 177
 166
 157
 165
 168
 171
 164
 185
 153
 190
 172
 159
 173
 184
 151
 181
 161
 161
 151
 169
 161
 162
 162
 165
 161
 168
 173
 150
 165
 179
 167
 165
 144
 153
 158
 161
 169
 142
 152
 156
 168
 166
 160
 170
 148
 148
 173
 167
 145
 161
 156
 158
 141
 172
 149
 153
 147
 173
 176
 141
 156
 168
 148
 149
 181
 178
 148
 149
 177
 175
 152
 196
 190
 149
 151
 148
 168
 163
 151
 171
 168
 162
 146
 149
 142
 178
 142
 167
 151
 148
 164
 172
 157
 166
 138
 177
 138
 167
 134
 152
 161
 153
 160
 151
 169
 161
 159
 139
 160
 154
 156
 166
 166
 159
 150
 158
 141
 144
 143
 137
 155
 123
 152
 157
 151
 160
 153
 132
 158
 134
 141
 143
 142
 130
 141
 143
 129
 145
 152
 139
 124
 143
 149
 134
 140
 121
 148
 135
 142
 153
 132
 148
 150
 136
 134
 156
 130
 131
 150
 143
 146
 188
 135
 153
 153
 164
 169
 164
 169
 162
 159
 171
 147
 142
 152
 137
 123
 136
 137
 150
 142
 158
 144
 125
 150
 147
 161
 143
 165
 165
 181
 154
 145
 162
 152
 153
 134
 142
 173
 170
 159
 149
 148
 138
 164
 141
 155
 145
 157
 175
 148
 167
 189
 157
 192
 138
 162
 132
 146
 154
 146
 148
 137
 149
 128
 130
 138
 153
 145
 138
 135
 131
 107
 164
 130
 129
 127
 138
 125
 151
 130
 119
 109
 107
 131
 107
 130
 117
 131
 123
 97
 133
 97
 126
 123
 110
 99
 92
 102
 89
 102
 80
 43
 25
 7
 7
 10
 4
 13
 7
 7
 6
 4
 7
 8
 3
 5
 7
 3
 2
 6
 3
 5
 6
 4
 2
 6
 3
 4
 4
 2
 3
 5
 12
 8
 6
 22
 64
 261
 830
 2163
 3607
 4294
 4124
 2189
 295
 21
 2
 0
 0
 0
 0
 0
 0
 0
 0
 0
 1
 1
 0
 0
 0
 0
 0
 0
 0
 0
 0
 0
 0
 0
 0
 1
 0
 0
 0
 0
 1
 0
 0
 0
 0
 0
 0
 0
 0
 0
 1
 1
 0
 0
 0
 0
 0
 0
 0
 0
 0
 0
 0
 0
 0
 0
 0
 0
 0
 0
 0
 2
 0
 0
 0
 1
 1
 0
 0
 0
 0
 0
 0
 0
 0
 0
 1
 1
 0
 0
 2
 0
 0
 3
 0
 0
 0
 1
 2
 0
 2
 0
 2
 1
 2
 3
 2
 0
 0
 0
 2
 1
 1
 1
 0
 0
 3
 0
 1
 1
 1
 0
 3
 2
 1
 0
 1
 0
 0
 3
 3
 2
 0
 0
 0
 1
 1
 1
 0
 0
 0
 0
 0
 0
 0
 1
 0
 0
 0
 0
 0
 0
 0
 0
 0
 0
 0
 0
 0
 0
 0
 0
 0
 0
 0
 0
 0
 0
 0
 0
 0
 0
 0
 0
 0
 0
 0
 0
 0
 0
 0
 0
 0
 0
 0
 0
 0
 0
 0
 0
 0
 0
 0
 0
 0
 0
 0
 0
 0
 0
 0
 0
 0
 0
 0
 0
 1
 0
 0
 0
 0
 0
 0
 0
 0
 0
 0
 0
 0
 0
 0
 0
 0
 0
 0
 0
 0
 0
 0
 0
 0
 0
 0
 0
 0
 0
 0
 0
 0
 0
 0
 0
 0
 0
 0
 0
 0
 0
 0
 0
 0
 0
 0
 0
 0
 0
 0
 0
 0
 0
 0
 0
 0
 0
 0
 0
 0
 0
 0
 0
 0
 0
 0
 0
 0
 0
 0
 0
 0
 0
 0
 0
 0
 0
 0
 0
 0
 0
 0
 0
 0
 0
 0
 0
 0
 0
 0
 0
 0
 0
 0
 0
 0
 0
 0
 0
 0
 0
 0
 0
 0
 0
 0
 0
 0
 0
 0
 0
 0
 0
 0
 0
 0
 0
 0
 0
 0
 0
 0
 0
 0
 0
 0
 0
 0
 0
 0
 0
 0
 0
 0
 0
 0
 0
 0
 0
 0
 0
 0
 0
 0
 0
 0
 0
 0
 0
 0
 0
 0
 0
 0
 0
 0
 0
 0
 0
 0
 0
 0
 0
 0
 0
 0
 0
 0
 0
 0
 0
 0
 0
 0
 0
 0
 0
 0
 0
 0
 0
 0
 0
 0
 0
 0
 0
 0
 0
 0
 0
 0
 0
 0
 0
 0
 0
 0
 0
 0
 0
 0
 0
 0
 0
 0
 0
 0
 0
 0
 0
 0
 0
 0
 0
 0
 0
 0
 0
 0
 0
 0
 0
 0
 0
 0
 0
 0
 0
 0
 0
 0
 0
 0
 0
 0
 0
 0
 0
 0
 0
 0
 0
 0
 0
 0
 0
 0
 0
 0
 0
 0
 0
 0
 0
 0
 0
 0
 0
 0
 0
 0
 0
 0
 0
 0
 0
 0
 0
 0
 0
 0
 0
 0
 0
 0
 0
 0
 0
 0
 0
 0
 0
 0
 0
 0
 0
 0
 0
 0
 0
 0
 0
 0
 0
 0
 0
 0
 0
 0
 0
 0
 0
 0
 0
 0
 0
 0
 0
 0
 0
 0
 0
 0
 0
 0
 0
 0
 0
 0
 0
 0
 0
 0
 0
 0
 0
 0
 0
 0
 0
 0
 0
 0
 0
 0
 0
 0
 0
 0
 0
 0
 0
 0
 0
 0
 0
 0
 0
 0
 0
 0
 0
 0
 0
 0
 0
 0
 0
 0
 0
 0
 0
 0
 0
 0
 0
 0
 0
 0
 0
 0
 0
 0
 0
 0
 0
 0
 0
 0
 0
 0
 0
 0
 0
 0
 0
 0
 0
 0
 0
 0
 0
 0
 0
