$SPEC_ID:
R042625M 70 - 2.4 MeV
$MEAS_TIM:
 29864
$DATA:
       0    1023
    2400    1000   10000   10000    7000   10000       0  300000  298640   19000
    1042   80100    4655       0    1000       1       1       1    1024      77
   57157   43658   42625       0       0     105     104     113     118     112
     100     109     113     119     128     126     123     113     113     120
     131     152     149     130     130     119     135     157     133     144
     128     123     141     126     137     135     128     143     135     134
     124     135     126     132     140     149     124     133     138     146
     122     126     158     156     132     137     164     163     128     173
     143     145     130     161     143     142     142     128     145     141
     184     142     169     129     143     142     129     126     165     162
     144     143     154     152     152     167     145     150     151     175
     151     159     154     156     154     148     144     161     144     166
     140     152     157     165     167     173     161     173     179     184
     162     159     167     159     172     173     159     171     170     192
     176     179     167     168     155     164     160     167     196     191
     163     171     167     167     190     177     205     195     196     180
     181     188     187     173     155     162     171     167     173     181
     196     168     166     188     187     201     194     197     186     177
     183     206     182     165     195     168     167     180     197     173
     176     194     173     187     176     182     203     179     181     182
     179     159     204     209     184     204     210     185     170     179
     179     190     183     185     177     190     192     189     184     188
     200     182     192     186     183     176     179     163     199     175
     198     194     171     197     167     189     190     174     174     204
     192     194     220     195     214     217     224     212     211     210
     193     208     221     234     221     208     215     231     220     228
     213     206     222     220     221     212     226     242     207     221
     209     223     235     223     241     236     240     261     204     248
     263     226     280     295     237     259     262     274     244     264
     250     263     253     276     229     239     221     233     246     223
     259     219     228     214     224     209     201     218     233     226
     213     229     231     225     225     245     215     238     219     240
     247     241     266     245     231     265     255     236     248     247
     240     244     260     217     230     253     224     233     212     256
     211     232     246     245     288     268     242     257     297     280
     253     248     222     232     221     236     222     239     243     221
     234     229     247     260     281     299     243     259     233     228
     262     242     286     263     244     245     247     254     269     247
     237     271     248     242     228     232     213     236     191     225
     196     203     215     216     223     206     211     211     192     181
     194     170     163     168     158     171     135     164     152     166
     160     189     198     187     215     185     190     187     183     138
     106     108      65      36      34      16       9       9       9       6
       2       5       9       3       5       3       7       7       7       7
       3       1       3       3       3       4       3       4       8       3
       5       2       4       3       2       5       8       2       3       2
       8       3       3       5       4       0       8       1       4       2
       3       1       7      12      11      42      82     159     304     534
     828    1214    1471    1628    1597    1357    1012     671     379     176
      75      24       6       5       1       0       0       1       1       0
       1       5       4       1       2       5       3       3       3       1
       3       6       1       5       4       3       0       0       6       4
       2       4       5       4       2       8       2       4       2       4
       1       5       7       3       6       6       2       6       5       3
       3       4       4       4       3       2       1       3       4       2
       3       4       1       4       4       2       3       1       1       2
       1       1       2       0       1       2       3       0       1       1
       0       2       0       0       0       1       0       0       0       0
       0       1       0       0       0       0       0       0       0       0
       0       0       0       0       0       0       0       0       0       0
       0       0       0       0       0       0       0       0       0       0
       0       0       0       0       0       0       1       0       0       0
       0       0       0       0       0       0       0       0       0       0
       0       0       0       0       0       0       0       0       0       0
       0       0       0       0       0       0       0       0       0       0
       0       0       0       0       0       0       0       0       0       0
       0       0       0       0       0       0       0       0       0       0
       0       0       0       0       0       0       0       0       0       0
       0       0       0       0       0       0       0       0       0       0
       0       0       0       0       0       0       0       0       0       0
       0       0       0       0       0       0       0       0       0       0
       0       0       0       0       0       0       0       0       0       0
       1       0       0       0       0       0       0       0       0       0
       0       0       0       0       0       0       0       0       0       0
       0       0       0       0       0       0       0       0       0       0
       0       0       0       0       0       0       0       0       0       0
       0       0       0       0       0       0       0       0       0       0
       0       0       0       0       0       0       0       0       0       0
       0       0       0       0       0       0       0       0       0       0
       0       0       0       0       0       0       0       0       0       0
       0       0       0       0       0       0       0       0       0       0
       0       0       0       0       0       0       0       0       0       0
       0       0       0       0       0       0       0       0       0       0
       0       0       0       0       0       0       0       0       0       0
       0       0       0       0       0       0       0       0       0       0
       0       0       0       0       0       0       0       0       0       0
       0       0       0       0       0       0       0       0       0       0
       0       0       0       0       0       0       0       0       0       0
       0       0       0       0       0       0       0       0       0       0
       0       0       0       0       0       0       0       0       0       0
       0       0       0       0       0       0       0       0       0       0
       0       0       0       0       0       0       0       0       0       0
       0       0       0       0       0       0       0       0       0       0
       0       0       0       0       0       0       0       0       0       0
       0       0       0       0       0       0       0       0       0       0
       0       0       0       0       0       0       0       0       0       0
       0       0       0       0       0       0       0       0       0       0
       0       0       0       0       0       0       0       0       0       0
       0       0       0       0       0       0       0       0       0       0
       0       0       0       0       0       0       0       0       0       0
       0       0       0       0       0       0       0       0       0       0
       0       0       0       0       0       0       0       0       0       0
       0       0       0       0
