 2400
 1000
 10000
 10000
 7000
 10000
 0
 443500
 440740
 19000
 1042
 80100
 4655
 0
 1000
 1
 1
 1
 1024
 77
 52842
 43658
 42617
 0
 0
 199
 234
 235
 237
 240
 264
 276
 234
 237
 238
 236
 242
 248
 270
 250
 229
 230
 263
 280
 289
 278
 271
 289
 246
 267
 286
 280
 274
 275
 268
 276
 241
 295
 268
 301
 249
 271
 272
 277
 280
 250
 297
 272
 297
 296
 272
 279
 275
 306
 276
 287
 301
 282
 305
 309
 312
 281
 268
 289
 285
 332
 287
 300
 297
 302
 300
 329
 254
 321
 312
 326
 324
 314
 325
 303
 265
 313
 287
 302
 325
 303
 316
 337
 306
 343
 284
 339
 302
 314
 330
 314
 319
 301
 338
 303
 351
 309
 367
 310
 342
 303
 365
 354
 328
 378
 349
 333
 381
 333
 324
 370
 361
 336
 368
 371
 296
 358
 345
 341
 386
 362
 345
 335
 330
 339
 358
 345
 320
 342
 358
 425
 362
 384
 357
 338
 364
 392
 378
 355
 380
 383
 372
 373
 390
 349
 364
 383
 408
 372
 358
 344
 383
 409
 378
 403
 400
 388
 372
 367
 363
 370
 364
 410
 369
 368
 371
 370
 367
 360
 383
 376
 400
 357
 352
 356
 394
 414
 406
 398
 387
 372
 364
 419
 371
 351
 398
 388
 419
 409
 377
 404
 388
 389
 351
 387
 393
 373
 388
 358
 391
 386
 394
 338
 393
 345
 366
 389
 405
 352
 364
 382
 392
 405
 367
 409
 420
 421
 413
 397
 389
 383
 425
 445
 416
 414
 463
 432
 458
 413
 430
 415
 431
 427
 454
 433
 419
 444
 451
 507
 459
 443
 433
 453
 474
 488
 460
 468
 467
 505
 459
 496
 465
 511
 515
 538
 528
 494
 521
 500
 508
 502
 498
 528
 527
 520
 492
 549
 492
 519
 529
 522
 498
 473
 489
 522
 488
 491
 483
 447
 434
 451
 460
 439
 476
 470
 456
 457
 482
 469
 491
 542
 473
 499
 522
 508
 522
 508
 502
 536
 519
 515
 487
 522
 458
 518
 505
 427
 454
 459
 447
 475
 470
 459
 452
 452
 459
 479
 463
 463
 512
 493
 511
 522
 505
 520
 528
 487
 469
 452
 479
 482
 503
 467
 474
 511
 493
 459
 543
 542
 527
 510
 552
 507
 526
 501
 545
 532
 535
 501
 507
 592
 544
 556
 511
 532
 535
 527
 523
 480
 516
 431
 476
 464
 424
 440
 428
 458
 435
 463
 455
 422
 434
 427
 422
 402
 411
 376
 415
 352
 360
 349
 312
 330
 303
 330
 334
 359
 323
 379
 352
 346
 346
 334
 325
 284
 265
 173
 115
 111
 70
 36
 20
 13
 11
 9
 10
 9
 8
 9
 11
 7
 12
 13
 17
 5
 8
 9
 7
 13
 7
 4
 10
 10
 5
 3
 13
 2
 5
 8
 12
 6
 5
 8
 9
 5
 4
 4
 4
 2
 5
 9
 10
 4
 8
 10
 10
 11
 12
 12
 37
 62
 164
 346
 629
 1078
 1795
 2432
 2848
 3255
 3153
 2745
 2029
 1331
 696
 309
 154
 59
 8
 5
 3
 1
 1
 3
 3
 6
 2
 1
 4
 4
 5
 6
 2
 5
 4
 6
 2
 3
 2
 8
 2
 5
 7
 2
 2
 5
 6
 6
 6
 8
 9
 3
 7
 3
 11
 10
 11
 9
 9
 7
 6
 8
 8
 8
 11
 8
 13
 14
 5
 5
 3
 5
 11
 4
 8
 5
 10
 2
 8
 3
 4
 5
 7
 3
 2
 2
 3
 3
 3
 4
 2
 0
 2
 1
 1
 2
 0
 1
 0
 0
 1
 1
 1
 0
 0
 0
 0
 1
 2
 0
 0
 0
 0
 0
 0
 0
 1
 1
 1
 0
 0
 0
 0
 0
 0
 0
 0
 0
 0
 0
 0
 0
 0
 0
 1
 0
 0
 0
 0
 0
 0
 0
 0
 0
 0
 0
 0
 1
 0
 0
 0
 0
 0
 0
 0
 0
 1
 0
 0
 0
 0
 0
 0
 0
 0
 0
 0
 0
 0
 0
 0
 0
 0
 0
 0
 0
 0
 0
 0
 0
 2
 0
 0
 0
 0
 0
 0
 0
 0
 0
 0
 0
 0
 1
 0
 0
 0
 0
 0
 1
 0
 0
 0
 0
 0
 0
 0
 0
 0
 0
 0
 0
 0
 0
 0
 0
 0
 0
 0
 0
 1
 0
 0
 0
 0
 0
 0
 0
 1
 0
 0
 0
 0
 0
 0
 0
 0
 0
 0
 0
 0
 0
 0
 0
 0
 0
 0
 0
 0
 0
 0
 0
 0
 0
 0
 0
 0
 0
 0
 0
 0
 0
 0
 0
 0
 0
 0
 0
 0
 0
 0
 0
 0
 0
 0
 0
 0
 0
 0
 0
 0
 0
 0
 0
 0
 0
 0
 0
 0
 0
 0
 0
 0
 0
 0
 0
 0
 0
 0
 0
 0
 0
 0
 0
 0
 0
 1
 0
 0
 0
 0
 0
 0
 0
 1
 0
 0
 0
 0
 0
 0
 0
 0
 0
 0
 0
 0
 0
 0
 0
 0
 0
 0
 0
 0
 0
 0
 0
 0
 0
 0
 0
 0
 0
 0
 0
 0
 0
 0
 0
 0
 0
 0
 0
 0
 0
 0
 0
 0
 0
 0
 0
 0
 0
 0
 0
 0
 0
 0
 0
 0
 0
 0
 0
 0
 0
 0
 0
 0
 0
 0
 0
 1
 0
 0
 0
 0
 0
 0
 0
 0
 0
 0
 0
 0
 0
 0
 0
 0
 0
 0
 0
 0
 0
 0
 0
 0
 0
 0
 0
 0
 0
 0
 0
 0
 0
 0
 0
 0
 0
 0
 0
 0
 0
 0
 0
 0
 0
 0
 0
 0
 0
 0
 0
 0
 0
 0
 0
 0
 0
 0
 0
 0
 0
 0
 0
 0
 0
 0
 0
 0
 0
 0
 0
 0
 0
 0
 0
 0
 0
 0
 0
 0
 0
 0
 0
 0
 0
 0
 0
 0
 0
 0
 0
 0
 0
 0
 0
 0
 0
 0
 0
 0
 0
 0
 0
 0
 0
 0
 0
 1
 0
 0
 1
 0
 0
 0
 0
 0
 0
 0
 0
 0
 0
 0
 0
 0
 0
 0
 0
 0
 0
 0
 0
 0
 0
 0
 0
 0
 0
 0
 0
 0
 0
 0
 0
 0
 0
 0
 0
 0
 0
 0
 0
 0
 0
 0
 0
 0
 0
 0
 0
 0
 0
 0
 0
 0
 0
 0
 0
