$SPEC_ID:
R042620M 120 - 2.4 MeV
$MEAS_TIM:
 29836
$DATA:
       0    1023
    2400    1000   10000   10000    7000   10000       0  300000  298360   19000
    1042   80100    4655       0    1000       1       1       1    1024      77
   54457   43658   42620       0       0     112     141     165     119     158
     143     136     133     166     142     146     144     151     157     159
     118     158     149     158     154     167     138     159     139     149
     159     142     153     163     159     173     145     178     156     171
     180     175     165     190     142     152     166     171     174     200
     172     149     174     162     183     164     179     194     173     159
     169     166     206     165     172     162     191     165     158     156
     189     155     178     184     171     183     185     197     178     202
     183     163     187     169     188     171     159     182     201     193
     185     186     196     195     159     185     190     194     195     221
     179     197     178     200     187     211     172     201     202     184
     189     211     179     185     200     202     215     207     210     181
     209     204     206     194     190     191     224     216     219     204
     211     215     205     223     222     253     207     205     199     217
     215     205     174     197     216     192     198     229     249     229
     225     233     223     215     196     221     195     210     223     231
     215     226     222     213     232     245     199     227     222     212
     225     221     209     214     210     202     242     210     232     215
     222     214     208     233     224     209     239     237     216     217
     244     220     236     225     211     198     213     211     232     210
     215     234     257     241     201     226     215     221     217     234
     201     219     233     197     195     215     235     232     238     249
     235     224     210     244     226     216     256     244     238     233
     252     261     265     274     255     268     282     276     246     281
     271     267     271     242     272     272     280     270     260     277
     251     272     268     266     332     275     256     264     284     286
     279     297     290     311     303     307     300     302     310     290
     298     332     315     277     303     314     291     301     286     289
     282     315     295     290     284     258     257     302     257     266
     267     265     282     268     276     275     312     273     309     251
     297     309     311     320     292     289     274     290     289     314
     282     271     263     284     292     277     275     295     267     268
     256     263     275     305     318     277     339     310     336     326
     298     293     289     294     274     286     243     300     286     290
     325     299     274     346     281     292     338     322     311     305
     308     325     334     285     302     317     325     328     317     309
     265     326     304     280     274     296     285     273     277     301
     254     268     253     261     272     268     248     228     225     251
     233     229     195     188     209     209     194     212     192     196
     206     196     196     243     174     228     211     196     189     184
     153     104      83      37      38      29      13       7       6       4
       8       5       8       4      11       8       6       2       5       6
       8       6      15       3       6       5       1       6       6       5
       3       9       4       4       6       4       1       0       3       4
       5       4       4       1       2       2       4       3       1       4
       2       7       6      12      12      40      91     189     353     637
     964    1342    1737    1917    1873    1676    1301     829     497     221
      79      28       9       0       2       1       0       0       0       1
       1       3       3       1       1       3       3       1       1       1
       4       2       2       5       3       2       2       8       5       3
       1       6       1       3       3       2       6       6       3       1
       3       2       4       5       5       5       3       6       2       8
       6       4       7       4       3       7       1       1       8       6
       0       6       4       0       3       1       0       3       0       3
       2       2       0       2       0       1       2       1       0       1
       0       0       0       1       0       0       0       0       0       0
       0       0       0       0       0       1       0       0       0       0
       1       0       0       0       0       1       0       0       0       0
       0       0       0       0       0       0       0       0       0       0
       0       0       0       0       0       0       0       0       0       1
       0       0       0       0       0       0       0       0       0       0
       0       0       0       0       0       0       0       0       0       0
       0       0       0       0       0       0       0       0       0       0
       0       0       0       0       0       0       0       0       0       0
       0       1       0       0       0       0       0       0       0       0
       0       0       0       0       0       0       0       0       0       0
       0       0       0       0       0       0       0       0       0       0
       0       0       0       0       0       0       0       0       0       0
       0       0       0       0       0       0       0       0       0       0
       0       0       0       0       0       0       0       0       0       0
       0       0       0       0       0       0       0       1       0       0
       0       0       0       0       0       0       0       0       0       0
       0       0       0       0       0       0       0       0       0       0
       0       1       0       0       0       0       0       0       0       0
       0       0       0       0       0       0       0       0       0       0
       0       0       0       0       0       0       0       0       0       0
       0       0       0       0       0       0       0       0       0       0
       0       0       0       0       0       0       0       0       0       0
       0       0       0       0       0       0       1       0       0       0
       0       0       0       0       0       0       0       0       0       0
       0       0       0       0       0       0       0       0       0       0
       0       0       0       0       0       0       0       0       0       0
       0       0       0       0       0       0       0       0       0       0
       0       0       0       0       0       0       0       0       0       0
       0       0       0       0       0       0       0       0       0       0
       0       0       0       0       0       0       0       0       0       0
       0       0       0       0       0       0       0       0       0       0
       0       0       0       0       0       0       0       0       0       0
       0       0       0       0       0       0       0       0       0       0
       0       0       0       0       0       0       0       0       0       0
       0       0       0       0       0       0       0       0       0       0
       0       0       0       0       0       0       0       0       0       0
       0       0       0       0       0       0       0       0       0       0
       0       0       0       0       0       0       0       0       0       0
       0       0       0       0       0       0       0       0       0       0
       0       0       0       0       0       0       0       0       0       0
       0       0       0       0       0       0       0       0       0       0
       0       0       0       0       0       0       0       0       0       0
       0       0       0       0       0       0       0       0       0       0
       0       0       0       0       0       0       0       0       0       0
       0       0       0       0
