$SPEC_ID:
R042626P 90-2 - 2.4 MeV
$MEAS_TIM:
 29954
$DATA:
       0    1023
    2400    1000   10000   10000    7000   60000       0  300000  299540   12000
     672  123700    5341       0    1000       1       1       1    1024      80
   57877   43658   42626       0       0      20      24      16      19      21
      24      12      19      13      14      18      14      17      19      12
      22      15      11      18      13      21      16      15      16      11
      24      24      15      18      15      19      13      15      14      14
      21      22      25      16      13      16      11      17      13      16
      17      15      14      12      21      12      15      15      12      18
       8       8      11      10      14      11      15      13      15      17
      13      13      17      13       6       7      14      10      17      16
      15      12      11      11      17       9      19      11       9      13
      11      13      14      15      18      12      10      12      12       6
      10      13      15      14      10       8      12      13      10      11
       6      22      10      17       6      11      12      12      12      11
      12      18      10       8      11      13      10       9      10       4
      12      11       8      11       7      11      15      16       9      12
       9      10      13      13      12      16      13      21      11      12
       7      11      10      14      10      11      11       7       8      14
      10       4      15       7      10      20      11       7       8       9
       8      10       6      10      10       8      13      10      12      12
      10       7      10       6       9      12      10       9       8      10
       7      10       8      12       8      13      12      14      16      10
      15       6       7      12       7       9      10      11       9      11
      12       5      11      12      14       9      10      19      14      12
       6       8       9       6      10      11       5       9       7       7
      14       9      15       4       6      10       9      12       9      10
       9       2      11      16      10      11      10      14       9      11
       6       9       5      10       5       6      11      11       7       7
       6       6      14       6      14      10      10       9       9       5
      15      14      10      13       8      13      11       2       6      10
      11       9       7      14      11       6       9       6       8      10
       5       8       9      14      10      11       7      13      14       7
       6      13      10      13       9      10       9       5      11       8
      11       6      15      13      19      12      14      11      10      14
      13       9      15      12      16       9       8      11      10      15
      10      10      13      12      20      15      17      33      24      23
      20      23      31      38      49      37      21      19      17      11
      14      24      22      31      24      17      23      12      12      25
      30      30      20      15      11      17      19      17      11      22
      24      24      23      16      25      23      22      21      25      21
      19      26      32      37      28      28      37      32      28      35
      42      42      39      43      60      57      74     138     214     461
    1000    2062    3825    5550    7172    7787    8127    7883    7789    7801
    5702    1553     142      25       5       0       0       2       0       0
       0       0       0       0       0       0       0       0       0       0
       0       0       0       0       0       0       0       0       0       0
       0       0       0       0       0       0       0       0       0       0
       0       0       0       0       0       0       0       0       0       0
       0       0       0       0       0       0       0       0       0       0
       0       0       0       0       0       0       0       0       0       0
       0       0       0       0       0       0       0       0       0       0
       0       0       0       0       0       0       0       0       0       0
       0       0       0       0       0       0       0       0       0       0
       0       0       0       0       0       0       0       0       0       0
       0       0       0       0       0       0       0       0       0       0
       0       0       0       0       0       0       0       0       0       0
       0       0       0       0       0       0       0       0       0       0
       0       0       0       0       0       0       0       0       0       0
       0       0       0       0       0       0       0       0       0       0
       0       0       0       0       0       0       0       0       0       0
       0       0       0       0       0       0       0       0       0       0
       0       0       0       0       0       0       0       0       0       0
       0       0       0       0       0       0       0       0       0       0
       0       0       0       0       0       0       0       0       0       0
       0       0       0       0       0       0       0       0       0       0
       0       0       0       0       0       0       0       0       0       1
       0       0       0       0       0       0       0       0       0       0
       0       0       0       0       0       0       0       0       0       0
       0       0       0       0       0       0       0       0       0       0
       0       0       0       0       0       0       0       0       0       0
       0       0       0       0       0       0       0       0       0       0
       0       0       0       0       0       0       0       0       0       0
       0       0       0       0       0       0       0       0       0       0
       0       0       0       0       0       0       0       0       0       0
       0       0       0       0       0       0       0       0       0       0
       0       0       0       0       0       0       0       0       0       0
       0       0       0       0       0       0       0       0       0       0
       0       0       0       0       0       0       0       0       0       0
       0       0       0       0       0       0       0       0       0       0
       0       0       0       0       0       0       0       0       0       0
       0       0       0       0       0       0       0       0       0       0
       0       0       0       0       0       0       0       0       0       0
       0       0       0       0       0       0       0       0       0       1
       0       0       0       0       0       0       0       0       0       0
       0       0       0       0       0       0       0       0       0       0
       1       0       0       0       0       0       0       0       0       0
       0       1       0       0       1       0       0       0       0       0
       0       0       0       0       0       0       0       0       0       0
       0       0       0       0       0       0       0       0       0       0
       0       0       0       0       0       0       0       0       0       0
       0       0       0       0       0       0       0       0       0       0
       0       0       0       0       0       0       0       0       0       0
       0       0       0       0       0       0       0       0       0       0
       0       0       0       0       0       0       0       0       0       0
       0       0       0       0       0       0       0       0       0       0
       0       0       0       0       0       0       0       0       0       0
       0       0       0       0       0       0       0       0       0       0
       0       0       0       0       0       0       0       0       0       0
       0       0       0       0       0       0       0       0       0       0
       0       0       0       0       0       0       0       0       0       0
       0       0       0       0       0       0       0       0       0       0
       0       0       0       0       0       0       0       0       0       0
       0       0       0       0
