$SPEC_ID:
R042627P 80-2 - 2.4 MeV
$MEAS_TIM:
 29874
$DATA:
       0    1023
    2400    1000   10000   10000    7000   60000       0  300000  298740   12000
     672  123700    5341       0    1000       1       1       1    1024      80
   58407   43658   42627       0       0      33      34      34      33      31
      43      26      36      22      40      33      34      34      32      25
      33      29      28      26      26      27      21      23      32      39
      24      17      25      23      28      32      18      29      33      25
      27      32      26      25      29      33      27      23      25      27
      19      19      21      19      26      12      19      24      22      29
      20      31      20      27      28      20      22      16      23      24
      32      27      25      22      27      28      21      24      19      20
      14      17      23      22      26      26      26      18      17      15
      19      21      14      22      31      29      30      30      28      24
      14      14      30      19      24      19      18      24      15      24
      15      25      21      20      23      23      31      21      15      23
      20      19      24      16      18      22      19      18      21      14
      20      20      25      20      18      16      26      18      17      12
      22      23      19      26      22      15      19      23      10      16
      25      31      22      14      22      13      11      18      14      18
      11      11      12      23      18      18      13      15      16      16
      23      21      18      20      14      11      13      11      12      25
      21      15      25      16      18      19      21      17      19      20
      16      19      16      27      15      22      18      16      17      13
      15      22      17      19      19      18      17      17      15      19
      22      21      18      15      15      22      15       6      18      11
      18      19      19      16      17      12      18      16      13      17
      15      12      14      12      13      10      20      19      18      21
      11      11      15      17      14      25      11      15      19      18
      18      16      17      15      20      20      19      11      24      15
      16      10      12      14       9      17      14      14      22      17
      11      12       9      18      17      12      18      16      11       9
      15       9      16      11      19      16      16      11      16      16
      19      12      14      19      18      22      16      12      20      14
      19      12      13      10      18      10      17      14      17      26
      10      19      15      16      17      17      22      17      13      18
      16      13      20      15      23      21      12      18      17      21
      30      19      26      15      20      25      18      14      21      17
      26      23      22      31      29      34      43      50      56      54
      32      38      45      48      44      46      41      32      24      27
      33      33      36      33      30      32      37      34      43      45
      45      28      20      33      32      34      29      33      32      39
      33      44      37      43      45      49      39      46      58      45
      49      73      65      64      78      82     156     160     223     529
    1027    2250    4098    6730    9230   10827   11326   11337   11373   11169
    9941    5002     851     113      19       3       2       1       0       0
       0       0       0       0       0       0       0       0       0       0
       0       0       0       0       0       0       0       0       0       0
       0       0       0       0       0       0       0       0       0       0
       0       0       0       0       0       0       0       0       0       0
       0       0       0       0       0       0       0       0       0       0
       0       0       0       0       0       0       0       0       0       0
       0       0       0       0       0       0       0       0       0       0
       0       0       0       0       0       0       0       0       0       0
       0       0       0       0       0       0       0       0       0       0
       0       0       0       0       0       0       0       0       0       0
       0       0       0       0       0       0       0       0       0       0
       0       0       0       0       0       0       0       0       0       0
       0       0       0       0       0       0       0       0       0       0
       0       0       0       0       0       0       0       0       0       0
       0       0       0       0       0       0       0       0       0       0
       0       0       0       0       0       0       0       0       0       1
       0       0       0       0       0       0       0       0       0       0
       0       0       0       0       0       0       0       0       0       0
       0       0       0       0       0       0       0       0       0       0
       0       0       0       0       0       0       0       0       0       0
       0       0       0       0       0       0       0       0       0       0
       0       0       0       0       0       0       0       0       0       0
       0       0       0       0       0       0       0       0       0       0
       0       0       0       0       0       0       0       0       0       0
       0       0       0       0       0       0       0       0       0       0
       0       0       0       0       0       0       0       0       0       0
       0       0       0       0       0       0       0       0       0       0
       0       0       0       0       0       0       0       0       0       0
       0       0       0       0       0       0       0       0       0       0
       0       0       0       0       0       0       0       0       0       0
       0       0       0       0       0       0       0       0       0       0
       0       0       0       0       0       0       0       0       0       0
       0       0       0       0       0       0       0       0       0       0
       0       0       0       0       0       0       0       0       0       0
       0       0       0       0       0       0       0       0       0       0
       0       0       0       0       0       0       0       0       0       0
       0       0       0       0       0       0       0       0       0       0
       0       0       0       0       0       0       0       0       0       0
       0       0       0       0       0       0       0       0       0       0
       0       0       0       0       0       0       0       0       0       0
       0       0       0       0       0       0       0       0       0       0
       0       0       0       0       1       0       0       0       1       1
       0       1       1       0       0       0       2       1       1       3
       1       0       0       0       0       0       0       0       0       0
       0       0       0       0       0       0       0       0       0       0
       0       0       0       0       0       0       0       0       0       0
       0       0       0       0       0       0       0       0       0       0
       0       0       0       0       0       0       0       0       0       0
       0       0       0       0       0       0       0       0       0       0
       0       0       0       0       0       0       0       0       0       0
       0       0       0       0       0       0       0       0       0       0
       0       0       0       0       0       0       0       0       0       0
       0       0       0       0       0       0       0       0       0       0
       0       0       0       0       0       0       0       0       0       0
       0       0       0       0       0       0       0       0       0       0
       0       0       0       0       0       0       0       0       0       0
       0       0       0       0       0       0       0       0       0       0
       0       0       0       0       0       0       0       0       0       0
       0       0       0       0
