 2400
 1000
 10000
 10000
 7000
 10000
 0
 300000
 298420
 19000
 1042
 80100
 4655
 0
 1000
 1
 1
 1
 1024
 77
 55508
 43658
 42622
 0
 0
 124
 113
 139
 120
 133
 120
 145
 133
 124
 150
 129
 134
 133
 121
 125
 121
 159
 146
 129
 159
 151
 161
 126
 134
 157
 148
 142
 144
 141
 169
 155
 175
 148
 173
 170
 145
 160
 150
 166
 152
 173
 165
 160
 158
 145
 194
 141
 153
 174
 189
 159
 139
 153
 142
 141
 173
 166
 160
 162
 154
 160
 185
 166
 175
 154
 181
 176
 170
 166
 173
 179
 165
 156
 172
 190
 181
 155
 184
 221
 185
 158
 171
 163
 167
 156
 193
 202
 167
 200
 201
 205
 171
 182
 203
 196
 179
 194
 169
 208
 214
 208
 184
 171
 185
 193
 175
 173
 213
 183
 207
 228
 187
 208
 216
 201
 198
 213
 199
 208
 177
 193
 223
 215
 183
 212
 210
 192
 187
 188
 210
 222
 204
 213
 221
 223
 206
 230
 207
 210
 192
 187
 217
 215
 187
 193
 227
 221
 238
 244
 223
 212
 225
 209
 213
 201
 198
 226
 213
 199
 209
 194
 239
 221
 223
 223
 198
 226
 224
 195
 206
 212
 207
 216
 216
 218
 229
 207
 205
 230
 230
 216
 235
 204
 214
 226
 221
 241
 222
 212
 209
 229
 226
 221
 243
 216
 207
 191
 209
 235
 218
 210
 240
 188
 205
 213
 237
 209
 207
 188
 218
 202
 262
 217
 226
 220
 231
 228
 225
 228
 246
 240
 253
 257
 229
 262
 255
 230
 276
 248
 255
 249
 242
 236
 230
 262
 268
 244
 271
 241
 240
 232
 265
 254
 242
 243
 265
 251
 244
 258
 306
 281
 246
 279
 287
 264
 258
 277
 309
 256
 255
 295
 302
 297
 262
 292
 294
 299
 313
 305
 291
 291
 283
 295
 235
 324
 268
 290
 265
 287
 249
 271
 240
 236
 272
 250
 285
 274
 268
 287
 272
 256
 277
 281
 266
 288
 301
 271
 296
 279
 267
 273
 273
 271
 293
 281
 285
 262
 274
 270
 273
 286
 279
 264
 268
 291
 265
 243
 287
 257
 301
 309
 299
 299
 305
 281
 315
 266
 303
 300
 267
 300
 248
 274
 265
 271
 294
 267
 292
 289
 302
 307
 293
 296
 293
 301
 284
 296
 286
 298
 280
 328
 278
 312
 294
 290
 312
 315
 299
 262
 254
 285
 263
 263
 252
 272
 262
 251
 250
 273
 220
 276
 256
 250
 236
 220
 234
 210
 224
 176
 193
 197
 186
 178
 159
 199
 230
 178
 225
 193
 215
 200
 221
 193
 207
 167
 132
 100
 66
 64
 28
 8
 14
 8
 6
 12
 5
 4
 5
 8
 7
 2
 7
 10
 7
 7
 9
 6
 4
 10
 3
 5
 3
 6
 7
 5
 5
 0
 4
 2
 5
 7
 9
 3
 0
 2
 3
 4
 2
 3
 1
 2
 4
 5
 4
 8
 8
 6
 8
 15
 23
 45
 71
 183
 354
 636
 942
 1361
 1674
 1803
 1801
 1580
 1150
 796
 458
 198
 98
 29
 10
 2
 2
 2
 1
 1
 1
 0
 1
 1
 3
 2
 1
 1
 0
 2
 4
 3
 4
 4
 1
 5
 1
 3
 2
 2
 5
 3
 4
 4
 2
 5
 3
 5
 6
 4
 6
 2
 1
 3
 1
 4
 4
 4
 7
 4
 2
 3
 7
 9
 5
 7
 2
 5
 1
 4
 1
 4
 6
 1
 3
 4
 6
 3
 0
 2
 4
 2
 1
 2
 2
 0
 1
 2
 1
 0
 0
 0
 0
 1
 0
 0
 1
 2
 0
 2
 0
 0
 0
 0
 0
 0
 0
 0
 1
 0
 0
 1
 0
 0
 0
 0
 0
 1
 1
 0
 0
 0
 0
 0
 0
 0
 0
 0
 0
 0
 0
 0
 0
 0
 0
 0
 0
 0
 0
 0
 0
 0
 0
 0
 0
 0
 0
 1
 0
 0
 0
 0
 0
 0
 0
 0
 0
 0
 0
 0
 0
 0
 0
 0
 0
 0
 0
 0
 0
 0
 0
 0
 0
 1
 0
 0
 0
 0
 0
 0
 0
 0
 0
 0
 0
 0
 0
 0
 0
 0
 0
 0
 0
 0
 0
 0
 0
 0
 0
 0
 0
 0
 0
 0
 0
 0
 0
 0
 0
 0
 0
 0
 0
 0
 0
 0
 0
 0
 0
 0
 0
 0
 0
 0
 0
 0
 0
 0
 0
 0
 0
 0
 0
 0
 0
 0
 0
 0
 0
 0
 0
 0
 0
 0
 0
 0
 0
 0
 0
 0
 0
 0
 0
 1
 0
 0
 0
 0
 0
 0
 0
 0
 0
 0
 0
 0
 0
 0
 0
 0
 0
 0
 0
 0
 0
 0
 0
 0
 0
 1
 0
 0
 0
 0
 0
 0
 0
 0
 0
 0
 0
 0
 0
 0
 0
 0
 0
 0
 0
 0
 0
 0
 0
 0
 0
 0
 0
 0
 0
 0
 0
 0
 0
 0
 0
 0
 0
 0
 0
 0
 0
 0
 0
 0
 0
 0
 0
 0
 0
 0
 0
 0
 0
 0
 0
 0
 0
 0
 0
 0
 0
 0
 0
 0
 0
 0
 0
 0
 0
 0
 0
 0
 0
 0
 0
 0
 0
 1
 0
 0
 0
 0
 0
 0
 0
 0
 0
 0
 0
 0
 0
 0
 0
 0
 0
 0
 0
 0
 0
 0
 0
 0
 0
 0
 0
 0
 0
 0
 0
 0
 0
 0
 0
 0
 0
 0
 0
 0
 0
 0
 0
 0
 0
 0
 0
 0
 0
 0
 0
 0
 0
 0
 0
 0
 0
 0
 0
 0
 0
 0
 0
 0
 0
 0
 0
 0
 0
 0
 0
 0
 0
 0
 0
 0
 0
 0
 0
 0
 0
 0
 0
 0
 0
 0
 0
 0
 0
 0
 0
 0
 0
 0
 0
 0
 0
 0
 0
 0
 0
 0
 0
 0
 0
 0
 0
 0
 0
 0
 0
 0
 0
 0
 0
 0
 0
 0
 0
 0
 0
 0
 0
 0
 0
 0
 0
 0
 0
 0
 0
 0
 0
 0
 0
 0
 0
 0
 0
 0
 0
 0
 0
 0
 0
 0
 0
 0
 0
 0
 0
 0
 0
 0
 0
 0
 0
 0
 0
 0
 0
 0
 0
 0
 0
 0
 0
 0
 0
 0
 0
 0
 0
 0
 0
 0
 0
 0
 0
 0
 0
 0
 0
 0
 0
 0
 0
 0
