 2400
 1000
 10000
 10000
 7000
 10000
 0
 300000
 298320
 19000
 1042
 80100
 4655
 0
 1000
 1
 1
 1
 1024
 77
 53926
 43658
 42619
 0
 0
 114
 134
 143
 146
 154
 160
 143
 153
 146
 148
 142
 137
 156
 143
 153
 155
 147
 160
 151
 166
 154
 161
 144
 154
 157
 150
 181
 142
 149
 167
 147
 168
 173
 173
 170
 193
 177
 181
 172
 171
 188
 179
 163
 186
 190
 174
 176
 177
 179
 149
 172
 160
 182
 190
 180
 173
 184
 192
 160
 175
 168
 174
 190
 194
 172
 186
 170
 172
 186
 183
 194
 185
 193
 166
 194
 164
 206
 179
 203
 192
 188
 181
 179
 212
 183
 190
 194
 200
 182
 193
 189
 191
 185
 172
 218
 187
 201
 227
 191
 215
 223
 195
 214
 191
 205
 197
 211
 192
 204
 205
 200
 194
 196
 222
 211
 215
 204
 200
 204
 219
 252
 228
 230
 223
 214
 195
 206
 236
 216
 204
 222
 189
 213
 222
 214
 235
 219
 242
 215
 216
 257
 246
 242
 209
 212
 189
 229
 231
 234
 222
 241
 223
 240
 211
 219
 217
 235
 214
 245
 242
 221
 239
 248
 228
 221
 216
 206
 213
 213
 237
 232
 231
 227
 231
 204
 253
 222
 235
 241
 247
 226
 236
 249
 272
 216
 251
 243
 249
 253
 254
 241
 219
 242
 224
 251
 202
 226
 230
 220
 204
 222
 252
 220
 230
 227
 239
 272
 223
 231
 230
 231
 229
 206
 226
 233
 247
 235
 237
 224
 255
 258
 259
 256
 272
 242
 279
 258
 243
 247
 251
 269
 285
 305
 263
 251
 262
 278
 283
 274
 246
 297
 263
 287
 269
 284
 293
 281
 283
 283
 278
 303
 268
 271
 309
 294
 311
 308
 271
 292
 318
 312
 305
 339
 306
 336
 330
 313
 300
 312
 321
 307
 316
 283
 327
 295
 289
 283
 294
 269
 303
 299
 266
 270
 253
 291
 278
 260
 273
 282
 281
 311
 282
 298
 298
 314
 307
 289
 288
 305
 304
 319
 287
 301
 300
 290
 275
 284
 290
 261
 294
 264
 278
 255
 297
 265
 281
 283
 302
 308
 308
 317
 331
 326
 344
 321
 303
 295
 290
 302
 274
 298
 253
 292
 274
 308
 322
 287
 299
 299
 345
 304
 300
 312
 280
 319
 313
 295
 336
 289
 284
 305
 303
 331
 338
 348
 335
 378
 331
 312
 301
 305
 294
 255
 276
 246
 261
 261
 257
 249
 256
 266
 240
 246
 261
 244
 243
 258
 243
 208
 234
 183
 198
 192
 202
 214
 205
 229
 228
 222
 219
 226
 203
 201
 195
 186
 154
 114
 83
 53
 28
 17
 10
 6
 5
 5
 9
 9
 7
 7
 4
 3
 1
 4
 3
 9
 7
 6
 5
 7
 5
 9
 5
 2
 8
 4
 5
 2
 7
 4
 3
 3
 4
 3
 4
 3
 2
 4
 3
 7
 3
 0
 3
 1
 2
 4
 5
 4
 17
 6
 21
 40
 73
 199
 353
 644
 1043
 1389
 1768
 1917
 1910
 1670
 1300
 862
 468
 238
 104
 42
 5
 2
 4
 0
 1
 1
 3
 5
 0
 2
 5
 0
 1
 3
 1
 1
 3
 3
 3
 1
 6
 4
 5
 4
 3
 3
 0
 6
 7
 8
 10
 4
 2
 4
 4
 3
 5
 2
 5
 3
 1
 3
 6
 6
 4
 4
 4
 8
 8
 0
 5
 3
 9
 5
 5
 3
 5
 7
 4
 2
 3
 3
 0
 2
 2
 1
 0
 2
 3
 3
 1
 2
 1
 1
 0
 2
 2
 0
 0
 0
 0
 1
 0
 0
 0
 1
 0
 1
 0
 1
 1
 0
 0
 1
 0
 0
 0
 0
 0
 0
 1
 0
 0
 0
 0
 0
 0
 0
 0
 0
 0
 0
 0
 0
 0
 0
 0
 0
 0
 0
 0
 0
 0
 0
 0
 0
 0
 0
 0
 0
 1
 0
 0
 0
 0
 0
 0
 0
 0
 0
 0
 0
 0
 0
 0
 0
 0
 0
 0
 0
 0
 0
 0
 0
 0
 0
 0
 0
 0
 0
 0
 0
 0
 0
 0
 0
 0
 0
 0
 0
 0
 0
 0
 0
 0
 0
 0
 0
 0
 0
 0
 0
 1
 0
 0
 0
 0
 0
 0
 0
 0
 0
 0
 0
 0
 0
 0
 0
 0
 0
 0
 0
 0
 0
 0
 0
 0
 0
 0
 0
 0
 0
 0
 0
 0
 0
 0
 0
 0
 0
 0
 0
 0
 0
 0
 0
 0
 0
 0
 0
 0
 0
 0
 0
 0
 0
 0
 0
 0
 0
 0
 0
 0
 0
 0
 0
 0
 0
 0
 0
 0
 0
 0
 0
 0
 0
 0
 0
 0
 0
 0
 0
 0
 0
 0
 0
 0
 0
 0
 0
 0
 0
 0
 0
 0
 0
 0
 0
 0
 1
 0
 0
 0
 0
 0
 0
 0
 0
 0
 0
 0
 0
 0
 0
 0
 0
 0
 0
 0
 0
 0
 0
 0
 0
 0
 0
 0
 0
 0
 0
 0
 1
 0
 0
 0
 0
 0
 0
 0
 0
 0
 0
 0
 0
 0
 0
 0
 0
 0
 0
 0
 0
 0
 0
 0
 0
 0
 0
 0
 0
 0
 0
 0
 0
 0
 0
 0
 0
 0
 0
 0
 0
 0
 0
 0
 0
 0
 0
 0
 0
 0
 0
 0
 0
 0
 0
 0
 0
 0
 0
 0
 0
 0
 0
 1
 0
 1
 0
 0
 0
 0
 0
 0
 0
 0
 0
 0
 0
 0
 0
 0
 0
 0
 0
 0
 0
 0
 1
 0
 0
 0
 0
 0
 0
 0
 0
 0
 0
 0
 0
 0
 0
 0
 0
 0
 0
 0
 0
 0
 0
 0
 0
 0
 0
 0
 0
 0
 0
 0
 0
 0
 0
 0
 0
 0
 0
 0
 0
 0
 0
 0
 0
 0
 0
 0
 0
 0
 0
 0
 0
 0
 0
 0
 0
 0
 0
 0
 0
 0
 0
 0
 0
 0
 0
 0
 0
 0
 0
 0
 0
 0
 0
 0
 0
 0
 0
 0
 0
 0
 0
 0
 0
 0
 0
 0
 0
 0
 0
 0
 0
 0
 0
 0
 0
 0
 0
 0
 0
 0
 0
 0
 0
 0
 0
 0
 0
 0
 0
 0
 0
 0
 0
 0
 0
 0
 0
 0
 0
 0
 0
 0
 0
 0
 0
 0
 0
 0
 0
 0
 0
 0
 0
