 2400
 1000
 10000
 10000
 7000
 10000
 0
 300000
 298280
 19000
 1042
 80100
 4655
 0
 1000
 1
 1
 1
 1024
 77
 53436
 43658
 42618
 0
 0
 109
 144
 144
 157
 144
 182
 131
 146
 169
 157
 150
 166
 178
 174
 157
 158
 154
 146
 171
 162
 147
 146
 178
 173
 170
 164
 143
 187
 147
 173
 175
 151
 149
 152
 174
 152
 171
 164
 185
 169
 177
 166
 171
 171
 162
 163
 196
 176
 177
 167
 180
 167
 190
 174
 186
 185
 170
 170
 209
 203
 163
 191
 180
 182
 173
 189
 184
 193
 156
 203
 180
 202
 200
 200
 180
 181
 189
 201
 203
 178
 171
 200
 193
 201
 204
 210
 187
 185
 207
 209
 206
 207
 180
 206
 213
 211
 214
 184
 196
 208
 217
 220
 217
 225
 177
 185
 215
 223
 183
 210
 235
 211
 215
 203
 219
 208
 197
 212
 239
 244
 228
 213
 194
 221
 260
 232
 229
 198
 211
 223
 191
 225
 206
 233
 221
 227
 267
 229
 239
 252
 215
 228
 235
 227
 200
 257
 221
 226
 211
 247
 240
 220
 229
 256
 237
 231
 235
 246
 239
 239
 229
 234
 219
 232
 245
 214
 249
 234
 223
 236
 257
 234
 226
 234
 240
 234
 239
 226
 241
 244
 214
 233
 220
 213
 259
 241
 251
 214
 236
 230
 274
 207
 231
 229
 226
 228
 233
 241
 250
 244
 257
 240
 212
 217
 217
 247
 256
 233
 238
 227
 219
 233
 227
 257
 249
 229
 236
 249
 232
 244
 228
 273
 259
 271
 263
 295
 233
 283
 278
 252
 294
 280
 264
 281
 284
 276
 296
 302
 297
 292
 283
 279
 311
 289
 290
 289
 306
 286
 263
 295
 289
 267
 278
 329
 343
 294
 309
 313
 331
 340
 324
 311
 279
 326
 298
 333
 341
 317
 306
 348
 337
 303
 306
 315
 309
 289
 278
 334
 308
 260
 279
 292
 270
 269
 271
 324
 282
 295
 266
 302
 298
 291
 277
 300
 297
 323
 291
 327
 284
 329
 303
 287
 302
 293
 286
 293
 304
 298
 312
 309
 315
 268
 316
 290
 319
 301
 289
 295
 292
 276
 352
 344
 337
 307
 322
 314
 338
 266
 291
 284
 291
 301
 292
 313
 296
 329
 300
 334
 328
 328
 346
 354
 342
 306
 344
 338
 346
 321
 330
 311
 355
 354
 333
 354
 324
 330
 359
 306
 338
 286
 277
 266
 297
 295
 292
 250
 238
 291
 266
 275
 283
 263
 245
 258
 254
 245
 243
 251
 256
 213
 207
 179
 192
 214
 206
 225
 218
 232
 249
 224
 237
 261
 209
 216
 165
 144
 104
 91
 55
 33
 28
 12
 8
 6
 6
 5
 6
 6
 7
 5
 4
 2
 5
 7
 7
 6
 4
 7
 6
 6
 5
 5
 6
 11
 6
 2
 6
 4
 7
 3
 8
 3
 3
 3
 3
 4
 2
 6
 2
 5
 2
 6
 3
 2
 5
 2
 4
 4
 8
 20
 57
 102
 195
 401
 682
 1070
 1460
 1822
 2012
 2027
 1742
 1297
 899
 491
 226
 82
 24
 16
 6
 1
 1
 1
 3
 0
 2
 0
 3
 1
 2
 1
 0
 2
 4
 2
 2
 3
 2
 1
 2
 6
 7
 2
 2
 7
 1
 6
 5
 5
 6
 5
 3
 3
 6
 6
 3
 4
 2
 3
 5
 2
 5
 10
 8
 4
 6
 4
 4
 7
 2
 3
 2
 1
 4
 5
 3
 1
 3
 1
 1
 1
 2
 3
 2
 0
 1
 1
 3
 1
 0
 1
 2
 0
 1
 0
 1
 1
 0
 1
 0
 0
 0
 0
 1
 0
 0
 0
 0
 0
 2
 0
 0
 0
 0
 1
 0
 0
 0
 0
 0
 0
 0
 0
 0
 0
 0
 0
 0
 0
 0
 0
 0
 0
 0
 0
 0
 0
 0
 0
 0
 0
 0
 0
 0
 0
 0
 0
 0
 0
 0
 0
 0
 0
 0
 0
 0
 0
 0
 0
 0
 0
 0
 0
 0
 0
 0
 0
 0
 0
 0
 1
 0
 0
 0
 0
 0
 0
 0
 0
 0
 0
 0
 0
 0
 0
 0
 0
 0
 0
 0
 0
 0
 0
 0
 0
 0
 0
 0
 0
 0
 0
 0
 0
 0
 0
 0
 0
 1
 0
 0
 0
 0
 0
 0
 0
 0
 0
 0
 0
 0
 0
 0
 0
 0
 0
 0
 0
 0
 0
 0
 0
 0
 0
 0
 0
 0
 0
 0
 0
 0
 0
 1
 0
 0
 0
 0
 0
 0
 0
 0
 0
 0
 0
 0
 0
 0
 0
 0
 0
 0
 0
 0
 0
 0
 0
 0
 0
 0
 0
 0
 0
 0
 0
 0
 0
 0
 0
 0
 0
 0
 0
 0
 0
 0
 0
 0
 0
 0
 0
 0
 0
 0
 0
 0
 0
 0
 0
 0
 0
 0
 0
 0
 0
 0
 0
 0
 0
 0
 0
 0
 0
 0
 0
 0
 0
 0
 0
 0
 0
 0
 0
 0
 0
 0
 0
 0
 0
 0
 0
 0
 0
 0
 0
 0
 0
 0
 0
 0
 0
 0
 0
 0
 0
 0
 0
 0
 0
 0
 0
 0
 0
 0
 0
 0
 0
 0
 0
 0
 0
 0
 0
 0
 0
 0
 0
 0
 0
 0
 0
 0
 0
 0
 0
 0
 0
 0
 0
 0
 0
 0
 0
 0
 0
 0
 0
 0
 1
 0
 0
 0
 0
 0
 0
 0
 0
 0
 0
 0
 0
 0
 0
 0
 0
 0
 0
 0
 0
 0
 0
 0
 0
 0
 0
 0
 0
 0
 0
 0
 0
 0
 0
 0
 0
 0
 0
 0
 0
 0
 0
 0
 0
 0
 0
 0
 0
 0
 0
 0
 0
 0
 0
 0
 0
 0
 0
 0
 0
 0
 0
 0
 0
 0
 0
 0
 0
 0
 0
 0
 0
 0
 0
 0
 0
 0
 0
 0
 0
 0
 0
 0
 0
 0
 0
 0
 0
 0
 0
 0
 0
 0
 0
 0
 0
 0
 0
 0
 0
 0
 0
 0
 0
 0
 0
 0
 0
 0
 0
 0
 0
 0
 0
 0
 0
 0
 0
 0
 0
 0
 0
 0
 0
 0
 0
 0
 0
 0
 0
 0
 0
 0
 0
 0
 0
 0
 0
 0
 0
 0
 0
 0
 0
 0
 0
 0
 0
 0
 0
 0
 0
 0
 0
 0
 0
 0
 0
 0
 0
 0
 0
 0
