$SPEC_ID:
R042622P 100 - 2.4 MeV
$MEAS_TIM:
 30016
$DATA:
       0    1023
    2400    1000   10000   10000    7000   60000       0  300000  300160   12000
     672  123700    5341       0    1000       1       1       1    1024      80
   55508   43658   42622       0       0      60      64      70      66      84
      87      72      65      81      69      75      64      76      83      68
      62      64      61      68      64      64      76      76      76      73
      63      60      71      64      67      79      79      63      64      54
      54      76      61      61      79      56      61      65      65      79
      44      70      55      57      63      65      84      76      45      80
      65      54      75      72      62      66      63      62      67      73
      65      66      56      66      61      52      58      76      68      75
      61      65      60      73      74      64      56      64      70      75
      71      65      73      81      64      58      64      66      68      77
      76      51      64      62      69      55      69      75      63      61
      80      57      69      59      78      70      68      52      71      76
      75      44      60      48      65      60      75      76      68      60
      60      78      58      57      57      55      65      51      48      63
      66      66      52      61      63      45      65      70      56      47
      61      65      57      58      71      55      62      60      56      48
      62      48      58      57      65      72      55      67      55      72
      56      55      65      63      70      57      54      47      48      45
      55      55      52      48      47      48      57      67      61      60
      52      46      55      53      54      50      43      59      65      47
      46      59      68      55      48      55      50      61      52      56
      58      40      52      49      52      44      54      50      54      48
      48      46      45      41      67      60      56      48      48      51
      56      46      56      57      39      61      43      49      47      56
      59      65      52      54      46      39      42      52      56      56
      56      49      52      49      47      60      39      46      34      52
      52      55      48      52      37      43      42      51      52      53
      44      44      39      52      57      34      53      39      51      51
      50      58      43      30      55      47      55      45      44      42
      46      43      44      65      37      35      51      47      41      40
      44      68      33      51      49      51      45      44      36      31
      53      43      58      40      44      48      48      42      52      52
      29      45      50      52      60      47      35      50      64      58
      51      50      58      40      61      44      40      40      32      37
      38      34      40      35      32      41      32      28      45      30
      22      36      41      34      42      45      24      27      23      37
      35      26      35      26      25      38      27      32      23      21
      27       9       6       4       7       6       7       8       6       7
       7       5       7       4       9       1       2       2       2       5
       4       5       7       4       4       4       9       7       9      12
      16      24      45     128     513    1612    3401    5017    5522    4789
    1780     137      16       1       0       0       0       0       0       0
       1       0       0       0       0       0       0       0       0       0
       0       0       0       0       0       0       0       0       0       0
       0       0       0       1       0       0       0       0       0       0
       0       0       0       0       0       0       0       0       0       0
       0       0       0       0       0       0       0       0       0       0
       0       0       1       0       0       0       0       0       0       0
       0       0       0       0       0       1       0       0       0       1
       0       0       0       0       0       0       0       1       0       0
       1       0       0       0       0       0       0       0       1       0
       0       0       0       0       0       1       0       0       0       0
       0       0       0       1       0       0       0       0       0       0
       0       0       0       0       1       0       0       1       0       0
       0       0       0       0       0       0       0       0       1       0
       0       0       0       0       0       0       0       0       0       0
       0       0       0       0       0       0       0       0       0       0
       0       0       0       0       0       0       0       0       0       0
       0       0       0       0       0       0       0       0       0       0
       0       0       0       0       0       0       0       0       0       0
       0       0       0       0       0       0       0       0       0       0
       0       0       0       0       0       0       0       0       0       0
       0       0       0       0       0       0       0       0       0       0
       0       0       0       0       0       0       0       1       0       0
       0       0       0       0       0       0       0       0       0       0
       0       0       0       0       0       0       0       0       0       0
       0       0       0       0       0       0       0       0       0       0
       0       0       0       0       0       0       0       0       0       0
       0       0       0       0       0       0       0       0       0       0
       0       0       0       0       0       0       0       0       0       0
       0       0       0       0       0       0       0       0       0       0
       0       0       0       0       0       0       0       0       0       0
       0       0       0       0       0       0       0       0       0       0
       0       0       0       0       0       0       0       0       0       0
       0       0       0       0       0       0       0       0       0       0
       0       0       0       0       0       0       0       0       0       0
       0       0       0       0       0       0       0       0       0       0
       0       0       0       0       0       0       0       0       0       0
       0       0       0       0       0       0       0       0       0       0
       0       0       0       0       0       0       0       0       0       0
       0       0       0       0       0       0       0       0       0       0
       0       0       0       0       0       0       0       0       0       0
       0       0       0       0       0       0       0       0       0       0
       0       0       0       0       0       0       0       0       0       0
       0       0       0       0       0       0       0       0       0       0
       0       0       0       0       0       0       0       0       0       0
       0       0       0       0       0       0       0       0       0       0
       0       0       0       0       0       0       0       0       0       0
       0       0       0       0       0       0       0       0       0       0
       0       0       0       0       0       0       0       0       0       0
       0       0       0       0       0       0       0       0       0       0
       0       0       0       0       0       0       0       0       0       0
       0       0       0       0       0       0       0       0       0       0
       0       0       0       0       0       0       0       0       0       0
       0       0       0       0       0       0       0       0       0       0
       0       0       0       0       0       0       0       0       0       0
       0       0       0       0       0       0       0       0       0       0
       0       0       0       0       0       0       0       0       0       0
       0       0       0       0       0       0       0       0       0       0
       0       0       0       0       0       0       0       0       0       0
       0       0       0       0
