 2400
 1000
 10000
 10000
 7000
 10000
 0
 300000
 299100
 19000
 1042
 80100
 4655
 0
 1000
 1
 1
 1
 1024
 77
 57877
 43658
 42626
 0
 0
 50
 50
 58
 66
 60
 47
 62
 49
 73
 54
 49
 63
 50
 63
 55
 64
 43
 73
 55
 59
 61
 69
 44
 73
 55
 62
 52
 68
 51
 59
 63
 62
 79
 59
 63
 60
 62
 74
 55
 71
 60
 42
 71
 68
 64
 66
 64
 67
 67
 76
 67
 68
 65
 69
 75
 65
 69
 70
 59
 66
 69
 61
 58
 61
 84
 59
 82
 71
 63
 69
 51
 56
 68
 65
 74
 75
 67
 77
 51
 70
 66
 55
 68
 75
 64
 63
 55
 65
 58
 58
 58
 69
 81
 70
 80
 73
 54
 46
 53
 66
 65
 59
 63
 68
 65
 64
 56
 63
 76
 76
 74
 68
 55
 82
 70
 70
 66
 60
 46
 76
 64
 62
 47
 45
 56
 60
 63
 61
 43
 72
 57
 61
 65
 59
 53
 66
 71
 50
 66
 68
 37
 51
 60
 60
 60
 55
 54
 63
 62
 63
 55
 64
 63
 64
 65
 66
 53
 68
 59
 61
 50
 66
 61
 43
 62
 42
 47
 63
 57
 71
 60
 48
 60
 54
 60
 48
 75
 65
 52
 51
 65
 53
 44
 74
 69
 62
 72
 67
 62
 65
 61
 58
 64
 67
 68
 69
 61
 66
 67
 78
 73
 94
 92
 75
 75
 65
 82
 63
 75
 97
 85
 70
 64
 70
 71
 69
 76
 65
 87
 56
 74
 58
 68
 77
 77
 74
 83
 63
 73
 80
 84
 80
 79
 102
 81
 80
 71
 83
 78
 90
 91
 90
 94
 91
 69
 69
 80
 95
 69
 81
 78
 76
 70
 68
 76
 79
 68
 93
 70
 68
 85
 59
 68
 70
 70
 69
 70
 73
 75
 86
 80
 76
 84
 70
 74
 90
 75
 82
 74
 77
 93
 86
 72
 71
 97
 91
 89
 75
 83
 64
 85
 91
 67
 80
 73
 74
 64
 79
 79
 69
 66
 54
 62
 64
 63
 72
 47
 73
 61
 69
 74
 61
 73
 75
 73
 69
 78
 90
 96
 92
 91
 67
 71
 88
 70
 79
 91
 99
 95
 105
 97
 74
 80
 90
 84
 98
 86
 92
 81
 85
 83
 96
 107
 81
 93
 104
 82
 91
 85
 99
 96
 102
 87
 93
 99
 90
 82
 92
 79
 91
 90
 101
 107
 88
 105
 87
 76
 73
 66
 80
 93
 69
 72
 82
 81
 56
 74
 49
 64
 64
 56
 65
 55
 49
 47
 61
 30
 37
 45
 38
 51
 39
 29
 31
 19
 28
 16
 16
 21
 28
 16
 21
 20
 24
 20
 27
 17
 19
 18
 23
 32
 17
 18
 28
 26
 20
 16
 16
 22
 20
 28
 23
 28
 21
 22
 20
 22
 26
 17
 30
 22
 25
 23
 20
 14
 15
 16
 18
 18
 22
 21
 40
 48
 76
 138
 217
 370
 540
 891
 1179
 1487
 1796
 2175
 2193
 2323
 2437
 2461
 2392
 2176
 1889
 1582
 1205
 702
 403
 183
 77
 28
 8
 1
 2
 0
 0
 0
 1
 0
 0
 1
 1
 0
 0
 0
 1
 0
 0
 0
 1
 1
 0
 0
 0
 0
 0
 0
 0
 1
 2
 0
 1
 0
 0
 1
 1
 0
 0
 2
 0
 2
 0
 0
 1
 1
 0
 0
 0
 2
 1
 0
 0
 0
 0
 1
 1
 2
 2
 0
 0
 1
 1
 2
 2
 1
 0
 2
 0
 1
 2
 1
 0
 0
 0
 1
 0
 0
 3
 0
 0
 1
 0
 0
 1
 0
 0
 0
 0
 0
 0
 0
 1
 0
 0
 0
 0
 0
 0
 0
 0
 0
 0
 0
 0
 0
 0
 0
 0
 0
 0
 0
 0
 0
 0
 0
 0
 0
 0
 0
 0
 0
 0
 0
 0
 0
 0
 0
 0
 0
 0
 0
 0
 0
 0
 0
 0
 0
 0
 0
 0
 0
 0
 0
 0
 0
 0
 0
 0
 0
 0
 0
 0
 0
 0
 0
 0
 0
 0
 0
 0
 0
 0
 0
 0
 0
 0
 0
 0
 0
 0
 0
 0
 0
 0
 0
 0
 0
 0
 0
 0
 0
 0
 0
 0
 0
 0
 0
 0
 0
 0
 0
 0
 0
 0
 0
 0
 0
 0
 0
 0
 0
 0
 0
 0
 0
 0
 0
 0
 0
 0
 0
 0
 0
 0
 0
 0
 0
 0
 0
 0
 0
 0
 0
 0
 0
 0
 0
 0
 0
 0
 0
 0
 0
 0
 0
 0
 0
 0
 0
 0
 0
 0
 0
 0
 0
 0
 0
 0
 0
 0
 0
 0
 0
 0
 0
 0
 0
 0
 0
 0
 0
 0
 0
 0
 0
 0
 0
 0
 0
 0
 0
 0
 0
 0
 0
 0
 0
 0
 0
 0
 0
 0
 0
 0
 0
 0
 0
 1
 0
 0
 0
 0
 0
 0
 0
 0
 0
 0
 1
 0
 0
 0
 0
 0
 0
 0
 0
 0
 0
 0
 0
 0
 0
 0
 0
 0
 0
 0
 0
 0
 0
 0
 0
 0
 0
 0
 1
 0
 0
 0
 0
 0
 0
 0
 0
 0
 0
 0
 0
 0
 0
 0
 0
 0
 0
 0
 0
 0
 0
 0
 0
 0
 0
 0
 0
 0
 0
 0
 0
 0
 0
 0
 0
 0
 0
 0
 0
 0
 0
 0
 0
 0
 0
 0
 0
 0
 0
 0
 0
 0
 0
 0
 0
 0
 0
 0
 0
 0
 0
 0
 0
 0
 0
 0
 0
 0
 0
 0
 0
 0
 0
 0
 0
 0
 0
 0
 0
 0
 0
 0
 0
 0
 0
 0
 1
 0
 0
 0
 0
 0
 0
 0
 0
 0
 0
 0
 0
 0
 0
 0
 0
 0
 0
 0
 0
 0
 0
 0
 0
 0
 0
 0
 0
 0
 0
 0
 0
 0
 0
 0
 0
 0
 0
 0
 0
 0
 0
 0
 0
 0
 0
 0
 0
 0
 0
 0
 0
 0
 0
 0
 0
 0
 0
 0
 0
 0
 0
 0
 0
 0
 0
 0
 0
 0
 0
 0
 0
 0
 0
 0
 0
 0
 0
 0
 0
 0
 0
 0
 0
 0
 0
 0
 0
 0
 0
 0
 0
 0
 0
 0
 0
 0
 0
 0
 0
 0
 0
 0
 0
 0
 0
 0
 0
 0
 0
 0
 0
 0
 0
 0
 0
 0
 0
