 2400
 1000
 10000
 10000
 7000
 60000
 0
 300000
 299480
 12000
 672
 123700
 5341
 0
 1000
 1
 1
 1
 1024
 80
 53926
 43658
 42619
 0
 0
 169
 171
 209
 196
 174
 168
 187
 170
 183
 192
 202
 169
 195
 165
 187
 213
 177
 199
 173
 181
 203
 182
 157
 187
 175
 201
 178
 165
 180
 204
 182
 172
 189
 189
 206
 196
 165
 214
 198
 209
 198
 185
 188
 205
 193
 171
 192
 206
 180
 193
 193
 204
 196
 205
 210
 218
 188
 211
 178
 202
 207
 192
 197
 185
 187
 197
 181
 181
 207
 216
 203
 192
 226
 215
 201
 205
 173
 204
 206
 201
 200
 203
 191
 203
 175
 194
 198
 196
 206
 216
 206
 186
 217
 217
 210
 230
 198
 234
 201
 199
 203
 201
 194
 210
 189
 210
 208
 222
 210
 202
 240
 208
 205
 209
 229
 194
 218
 193
 209
 224
 208
 216
 219
 222
 227
 207
 205
 191
 187
 217
 195
 191
 216
 196
 218
 231
 196
 201
 203
 232
 208
 198
 197
 214
 186
 233
 215
 223
 201
 208
 195
 232
 193
 214
 213
 226
 216
 214
 233
 209
 240
 219
 215
 210
 221
 213
 213
 203
 232
 236
 234
 225
 192
 215
 215
 217
 228
 228
 204
 214
 201
 224
 237
 198
 198
 195
 211
 222
 237
 195
 223
 187
 214
 214
 206
 216
 196
 229
 217
 193
 198
 196
 214
 215
 234
 223
 201
 194
 196
 211
 178
 192
 196
 236
 188
 182
 207
 200
 226
 190
 231
 197
 188
 210
 208
 177
 201
 192
 195
 212
 191
 225
 188
 209
 192
 197
 181
 197
 224
 213
 212
 177
 210
 213
 238
 223
 210
 215
 206
 235
 256
 244
 254
 247
 269
 207
 252
 206
 212
 246
 228
 248
 254
 223
 258
 229
 222
 233
 234
 224
 218
 213
 201
 208
 218
 193
 241
 236
 239
 249
 229
 245
 269
 237
 231
 247
 230
 214
 236
 239
 211
 230
 248
 241
 214
 258
 274
 263
 213
 179
 185
 208
 195
 192
 179
 192
 212
 220
 202
 186
 188
 199
 206
 193
 197
 209
 208
 231
 198
 227
 210
 216
 170
 181
 199
 199
 198
 193
 178
 196
 192
 182
 182
 205
 200
 177
 194
 185
 185
 187
 163
 174
 158
 139
 154
 159
 166
 152
 150
 137
 167
 151
 126
 69
 33
 9
 5
 6
 9
 6
 4
 3
 5
 5
 6
 8
 1
 5
 3
 6
 3
 6
 2
 3
 2
 5
 5
 4
 3
 1
 6
 2
 4
 1
 2
 2
 2
 0
 3
 1
 7
 6
 3
 6
 16
 24
 75
 291
 881
 1963
 2752
 3050
 2487
 904
 89
 14
 3
 0
 0
 0
 0
 0
 2
 1
 0
 1
 0
 0
 0
 1
 0
 1
 1
 0
 0
 0
 0
 1
 0
 0
 2
 0
 0
 1
 0
 1
 0
 0
 0
 0
 0
 0
 1
 0
 4
 1
 0
 0
 2
 1
 0
 0
 0
 0
 0
 0
 1
 0
 0
 0
 0
 0
 2
 0
 2
 1
 2
 0
 3
 1
 1
 0
 2
 1
 1
 1
 5
 2
 1
 2
 2
 4
 1
 5
 7
 3
 2
 2
 4
 0
 3
 4
 4
 6
 3
 1
 3
 0
 2
 0
 3
 1
 3
 1
 3
 2
 2
 1
 1
 6
 1
 1
 0
 1
 0
 0
 0
 3
 0
 0
 0
 0
 0
 1
 0
 0
 0
 0
 0
 1
 0
 0
 0
 0
 0
 0
 0
 0
 0
 0
 0
 0
 0
 0
 0
 0
 0
 0
 0
 0
 0
 0
 0
 0
 0
 0
 0
 0
 0
 0
 0
 0
 0
 0
 0
 0
 0
 0
 0
 0
 0
 0
 0
 0
 0
 0
 0
 0
 0
 0
 0
 0
 0
 0
 0
 0
 0
 0
 0
 0
 0
 0
 0
 0
 0
 0
 0
 0
 0
 0
 0
 0
 1
 0
 0
 0
 0
 0
 0
 0
 0
 0
 0
 0
 0
 0
 0
 0
 0
 0
 0
 0
 0
 0
 0
 0
 0
 0
 0
 0
 0
 0
 0
 0
 0
 0
 0
 0
 0
 0
 0
 0
 0
 0
 0
 0
 0
 0
 0
 0
 0
 0
 0
 0
 0
 0
 0
 0
 0
 0
 0
 0
 0
 0
 0
 0
 0
 0
 0
 0
 0
 0
 0
 0
 0
 0
 0
 0
 0
 0
 0
 0
 0
 0
 0
 0
 0
 0
 0
 0
 0
 0
 0
 0
 0
 0
 0
 0
 0
 0
 0
 0
 0
 0
 0
 0
 0
 0
 0
 0
 0
 0
 0
 0
 0
 0
 0
 0
 0
 0
 0
 0
 0
 0
 0
 0
 0
 0
 0
 0
 0
 0
 0
 0
 0
 0
 0
 0
 0
 0
 0
 0
 0
 0
 0
 0
 0
 0
 0
 0
 0
 0
 0
 0
 0
 0
 0
 0
 0
 0
 0
 0
 0
 0
 0
 0
 0
 0
 0
 0
 0
 0
 0
 0
 0
 0
 0
 0
 0
 0
 0
 0
 0
 0
 0
 0
 0
 0
 0
 0
 0
 0
 0
 0
 0
 0
 0
 0
 0
 0
 0
 0
 0
 0
 0
 0
 0
 0
 0
 0
 0
 0
 0
 0
 0
 0
 0
 0
 0
 0
 0
 0
 0
 0
 0
 0
 0
 0
 0
 0
 0
 0
 0
 0
 0
 0
 0
 0
 0
 0
 0
 0
 0
 0
 0
 0
 0
 0
 0
 0
 0
 0
 0
 0
 0
 0
 0
 0
 0
 0
 0
 0
 0
 0
 0
 0
 0
 0
 0
 0
 0
 0
 0
 0
 0
 0
 0
 0
 0
 0
 0
 0
 0
 0
 0
 0
 0
 0
 0
 0
 0
 0
 0
 0
 0
 0
 0
 0
 0
 0
 0
 0
 0
 0
 0
 0
 0
 0
 0
 0
 0
 0
 0
 0
 0
 0
 0
 0
 0
 0
 0
 0
 0
 0
 0
 0
 0
 0
 0
 0
 0
 0
 0
 0
 0
 0
 0
 0
 0
 0
 0
 0
 0
 0
 0
 0
 0
 0
 0
 0
 0
 0
 0
 0
 0
 0
 0
 0
 0
 0
 0
 0
 0
 0
 0
 0
 0
 0
 0
 0
 0
 0
 0
 0
 0
 0
 0
 0
 0
 0
 0
 0
 0
 0
 0
 0
 0
 0
 0
 0
 0
 0
 0
 0
 0
 0
 0
 0
 0
