$SPEC_ID:
R042617P 150 - 2.4 MeV
$MEAS_TIM:
 44154
$DATA:
       0    1023
    2400    1000   10000   10000    7000   60000       0  443500  441540   12000
     672  123700    5341       0    1000       1       1       1    1024      80
   52842   43658   42617       0       0     220     223     242     203     229
     206     234     203     231     217     207     218     234     222     200
     214     218     236     220     237     200     212     231     215     229
     225     236     240     230     222     240     227     265     232     230
     225     256     248     268     263     239     232     249     255     231
     226     252     222     268     221     253     248     228     255     264
     246     264     280     242     255     286     282     234     282     246
     278     264     248     279     269     237     254     243     258     263
     268     283     272     289     260     256     254     271     290     240
     270     262     269     279     263     253     275     267     263     266
     249     260     274     267     247     282     260     238     253     249
     266     288     270     309     297     294     293     284     283     253
     277     267     273     271     283     297     265     270     286     331
     284     306     301     281     291     284     319     317     276     276
     314     319     273     295     293     288     300     297     276     263
     314     300     315     309     313     326     306     305     306     317
     324     338     288     334     328     298     295     317     285     302
     292     287     305     301     315     279     309     262     288     308
     319     292     312     277     287     280     287     287     283     284
     275     273     258     301     270     279     269     262     250     284
     264     276     273     266     265     291     280     287     261     272
     297     278     264     281     276     263     304     279     287     293
     297     287     279     305     305     307     345     280     312     313
     286     315     327     310     328     320     257     298     306     340
     326     336     338     355     349     374     385     381     385     345
     347     344     353     304     326     329     319     357     310     324
     343     318     327     333     339     297     345     380     344     365
     365     376     374     403     362     353     326     358     361     379
     344     370     323     338     318     334     364     358     393     337
     331     285     260     288     261     283     248     307     269     315
     308     313     281     327     316     329     321     340     338     317
     354     333     346     329     348     365     355     323     308     355
     342     306     297     302     292     298     254     293     308     306
     287     314     286     285     278     282     272     237     238     229
     239     222     203     251     235     285     260     242     251     215
     198     122      61      29      13       5       6       7       7       9
       5       8       6       7       4       7       5      11       5       8
       7       7       6       9       6       8      12       5       2       5
       7       6       3       5       5       6       3       5       1       2
       4       5       7       6       4       4      13      14      20      33
     157     515    1468    2624    3657    3694    2933     847      89      10
       5       2       0       1       0       2       2       2       1       0
       2       1       2       3       0       0       2       4       0       1
       2       0       0       0       1       1       1       0       0       0
       1       3       1       1       0       1       1       2       2       2
       3       2       1       2       3       2       4       1       0       4
       2       3       2       5       4       3       6       4       8       8
       4       8       5       7       4       6       7       3       8       3
       0       5       1       2       4       5       2       3       0       1
       3       4       1       1       4       0       1       0       5       1
       1       0       1       0       0       1       1       1       1       0
       0       0       0       0       0       0       0       0       0       0
       0       0       0       0       0       0       0       0       1       0
       0       0       0       0       0       0       0       0       0       0
       0       0       0       0       0       0       0       0       0       0
       0       0       0       0       0       0       0       0       0       0
       0       0       0       0       0       0       0       0       0       0
       0       0       0       0       0       0       0       0       0       0
       0       0       0       0       0       0       0       0       0       0
       0       0       0       0       0       0       0       0       0       0
       0       0       0       0       0       0       0       0       0       0
       0       0       0       0       0       0       0       0       1       0
       0       0       0       0       0       0       0       0       0       0
       0       0       0       0       0       0       0       0       0       0
       0       0       0       0       0       0       0       0       0       0
       0       0       0       0       0       0       0       0       0       0
       0       0       0       0       0       0       0       0       0       0
       0       0       0       0       0       0       0       0       0       0
       0       0       0       0       0       0       0       0       0       0
       0       0       0       0       0       0       0       0       0       0
       0       0       0       0       0       0       0       0       0       0
       0       0       0       0       0       0       0       0       0       0
       0       0       0       1       0       0       0       0       0       0
       0       0       0       0       0       0       0       0       0       0
       0       0       0       0       0       0       0       0       0       0
       0       0       0       0       0       0       0       1       0       0
       0       0       0       0       0       0       0       0       0       0
       0       0       0       0       0       0       0       0       0       0
       0       0       0       0       0       0       0       0       0       0
       0       0       0       0       0       0       0       0       0       0
       0       0       0       0       0       0       0       0       0       0
       0       0       0       0       0       0       0       0       0       0
       0       0       0       0       0       0       0       0       0       0
       0       0       0       0       0       0       0       0       0       0
       0       0       0       0       0       0       0       0       0       0
       0       0       0       0       0       0       0       0       0       0
       0       0       0       0       0       0       0       0       0       0
       0       0       0       0       0       0       0       0       0       0
       0       0       0       0       0       0       0       0       0       0
       0       0       0       0       0       0       0       0       0       0
       0       0       0       0       0       0       0       0       0       0
       0       0       0       0       0       0       0       0       0       0
       0       0       0       0       0       0       0       0       0       0
       0       0       0       0       0       0       0       0       0       0
       0       0       0       0       0       0       1       0       0       0
       0       0       0       0       0       0       0       0       0       0
       0       0       0       0       0       0       0       0       0       0
       0       0       0       0       0       0       0       0       0       0
       0       0       0       0       0       0       0       0       0       0
       0       0       0       0       0       0       0       0       0       0
       0       0       0       0
