$SPEC_ID:
R042625P 70 - 2.4 MeV
$MEAS_TIM:
 29964
$DATA:
       0    1023
    2400    1000   10000   10000    7000   60000       0  300000  299640   12000
     672  123700    5341       0    1000       1       1       1    1024      80
   57157   43658   42625       0       0      14      16      18      17      22
      32      42      30      17      14      18      10       9      15       9
      17      16      10      11       9      18      10       4      11      11
      12      15       6      14      13      11      14      14       9      12
      13      12       5      12      12      11      10       7      13      16
      12      10      14      16      11      13       7      12      12      13
      12      10      14      11       8       8       6      10       9      10
       9       9      12       9      15      15      15      11       9      14
      12       9       9       5      13      13      10       5       8      11
       8      11      10      12      10       9       8       7       9       8
      18      15       8      10       7       3       8      18       9       3
       4       8      10       8       9       8      14      16      10       7
       5       5      13       8       6      10       3       8      17       9
       6      11      12       5       7       5      15      11      12       8
      10      13      13      16      12       7       6      12      10       6
       6       8       8       7       5      10      10       6       7       4
       6       8      13      10       8       1      10       8      12       7
       6      10      13      10      10      14       7      14       9       7
       5       4       6       6       3      12      11       9      13       8
      13       7      10       9      12       3       6      13       3       6
       6       9      11      12       9       7       7       3       5      13
       7       9       2       6       4       9      10       8       4       5
      10       7      11       7       8       5       7       7      11       4
      12       6       7       4      16      12       7       6       8       5
       8      14       9       7      10      12       5       7       6      10
      10       8      13       8       5       3       9      10       5       5
       4       4       6       6      13       8      11       7       5      10
       5       8       7       3       9      12       4      15       4       7
       9      12      10       7       5      10      10       1      17       7
       5       6       9       4       9      11       8      10       7       9
       7       3       7       6      10       5       9      10       4       6
       0      14      11       8       8       6       9       7       4       6
      11       8      11      11       6       9       6       5       5       7
       4       8      10       7       6       7       2      10       8       6
       8       7      10       9       5      10       3       6       5       2
      11       9       7       7       4       7      12      12       5       8
      18      25      24      16      20      10      24      34       6       6
      13       5      11      11      11       5       8       4       8      13
       6       7       9      10      11      12       8      12       8      11
      17       8      16      11       9      14      24      13      23      26
      29      27      46      64     188     611    1844    5016    9149   12148
   12652   11979    6668     938      80      15       1       0       0       0
       0       0       0       0       0       0       0       0       0       0
       0       0       0       0       0       0       0       0       0       0
       0       0       0       0       0       0       0       0       0       0
       0       0       0       0       0       0       0       0       0       0
       0       0       0       0       0       0       0       0       0       0
       0       0       0       0       0       0       0       0       0       0
       0       0       0       0       0       0       0       0       0       0
       0       0       0       0       0       0       0       0       0       0
       0       0       0       0       0       0       0       0       0       0
       0       0       0       0       0       0       0       0       0       0
       0       0       0       0       0       0       0       0       0       0
       0       0       0       0       0       0       0       0       0       0
       0       0       0       0       0       0       0       0       0       0
       0       0       0       0       1       0       0       0       0       0
       0       0       0       0       0       0       0       0       0       0
       0       0       0       0       0       0       0       1       0       0
       0       0       0       0       0       0       0       0       0       0
       0       0       0       0       0       0       0       0       0       0
       0       0       0       0       0       0       0       0       0       0
       0       0       0       0       0       0       0       0       0       0
       0       0       0       0       0       0       0       0       0       0
       0       0       0       0       0       0       0       0       0       0
       0       0       0       0       0       0       0       0       0       0
       0       0       0       0       0       0       0       0       0       0
       0       0       0       0       0       0       0       0       0       0
       0       0       0       0       0       0       0       0       0       0
       0       0       0       0       0       0       0       0       0       0
       0       0       0       0       0       0       0       0       0       0
       0       0       0       0       0       0       0       0       0       0
       0       0       0       0       0       0       0       0       0       0
       0       0       0       0       0       0       0       0       0       0
       0       0       0       0       0       0       0       0       0       0
       0       0       0       0       0       0       0       0       0       0
       0       0       0       0       0       0       0       0       0       0
       0       0       0       0       0       0       0       0       0       0
       0       0       0       0       0       0       0       0       0       0
       0       0       0       0       0       0       0       0       0       0
       0       0       0       0       0       0       0       0       0       0
       0       0       0       0       0       0       0       0       0       0
       0       0       0       0       0       0       0       0       0       0
       0       0       0       0       0       0       0       0       0       0
       0       0       0       0       0       0       0       0       0       0
       0       0       0       0       0       0       0       0       1       0
       0       0       0       0       1       0       0       0       0       0
       0       0       0       0       0       0       0       0       0       0
       0       0       0       0       0       0       0       0       0       0
       0       0       0       0       0       0       0       0       0       0
       0       0       0       0       0       0       0       0       0       0
       0       0       0       0       0       0       0       0       0       0
       0       0       0       0       0       0       0       0       0       0
       0       0       0       0       0       0       0       0       0       0
       0       0       0       0       0       0       0       0       0       0
       0       0       0       0       0       0       0       0       0       0
       0       0       0       0       0       0       0       0       0       0
       0       0       0       0       0       0       0       0       0       0
       0       0       0       0       0       0       0       0       0       0
       0       0       0       0       0       0       0       0       0       0
       0       0       0       0       0       0       0       0       0       0
       0       0       0       0
