$SPEC_ID:
R042620P 120 - 2.4 MeV
$MEAS_TIM:
 29946
$DATA:
       0    1023
    2400    1000   10000   10000    7000   60000       0  300000  299460   12000
     672  123700    5341       0    1000       1       1       1    1024      80
   54457   43658   42620       0       0     175     156     170     176     186
     197     159     187     168     169     193     168     164     164     184
     181     197     187     192     189     211     202     186     185     180
     211     195     186     178     199     187     198     188     214     197
     185     168     174     172     188     199     165     161     192     200
     178     187     204     203     173     186     195     173     194     226
     204     192     209     194     198     202     191     194     205     225
     189     202     199     206     210     205     192     230     189     206
     221     229     204     196     187     222     220     205     215     195
     203     203     238     209     203     223     200     204     223     211
     219     211     203     209     203     210     198     195     190     198
     221     209     205     203     211     219     193     193     192     228
     193     181     201     206     188     219     191     216     205     207
     210     216     199     189     205     190     216     209     220     215
     197     194     192     208     200     223     235     218     204     209
     178     219     236     229     221     175     179     197     224     200
     215     219     207     166     209     208     184     182     208     202
     210     210     213     223     259     206     207     191     185     211
     231     209     230     221     243     199     195     198     209     211
     222     220     219     209     218     206     204     201     212     221
     192     217     211     213     203     194     207     200     205     223
     218     202     188     218     191     183     211     210     191     213
     208     177     194     191     201     194     194     188     213     202
     189     205     185     201     179     194     182     179     182     210
     210     172     188     163     204     205     164     184     185     172
     194     218     168     205     196     184     196     208     206     222
     205     212     223     192     212     213     228     222     190     186
     232     211     181     210     210     207     200     201     197     208
     210     206     213     205     226     239     204     222     210     232
     213     217     215     227     211     208     199     256     193     201
     224     209     182     217     225     209     215     209     247     235
     210     218     178     181     229     212     206     177     190     156
     187     175     175     206     204     192     187     178     198     173
     185     188     193     190     166     184     190     173     185     173
     155     202     169     153     184     191     177     174     169     156
     158     155     140     133     157     141     137     138     153     124
     136      90      78      29      16       5       4       5       3       2
       4       8       2      10       6       5       2       5       3       1
       5       2       6       4       6       5       4       2       3       1
       4       4       4       3       4       5       6       6       6       8
      14      36     134     446    1383    2628    3444    3545    2299     503
      46       9       2       0       0       0       0       0       0       0
       1       1       0       1       0       0       0       0       1       0
       0       0       1       0       1       0       0       0       1       1
       1       0       0       0       0       0       0       0       1       1
       0       0       0       0       0       1       0       0       1       0
       0       0       1       0       1       0       0       0       0       1
       0       2       0       0       2       0       0       0       1       1
       2       2       1       1       1       0       2       2       0       4
       1       1       2       1       1       0       1       2       3       3
       1       2       1       2       3       2       0       2       1       1
       3       1       1       1       2       2       2       1       3       4
       2       0       0       0       1       1       1       1       0       1
       0       3       3       0       0       0       0       1       0       0
       0       0       1       0       0       0       0       0       0       0
       0       0       0       0       0       0       0       0       0       0
       0       0       0       0       0       0       0       0       0       0
       0       0       0       0       0       0       0       0       0       0
       0       0       0       0       0       0       0       0       0       0
       0       0       0       1       0       0       0       0       0       0
       0       0       0       0       0       0       0       0       0       0
       0       0       0       0       0       0       0       0       0       0
       0       0       0       0       0       0       0       0       0       0
       0       0       0       0       0       0       0       0       0       0
       0       0       0       0       0       0       0       0       0       0
       0       0       0       0       0       0       0       0       0       0
       0       0       0       0       1       0       0       0       0       0
       0       0       0       0       0       0       0       0       0       0
       0       0       0       0       0       0       0       0       0       0
       0       0       0       0       0       0       0       0       0       0
       0       0       0       0       0       0       0       0       0       0
       0       0       0       0       0       0       0       0       0       0
       0       0       0       0       0       0       0       0       0       0
       0       0       0       0       0       0       0       0       0       0
       0       0       0       0       0       0       0       0       0       0
       0       0       0       0       0       0       0       0       0       0
       0       0       0       0       0       0       0       0       0       0
       0       0       0       0       0       0       0       0       0       0
       0       0       0       0       0       0       0       0       0       0
       0       0       0       0       0       0       0       0       0       0
       0       0       0       0       0       0       0       0       0       0
       0       0       0       0       0       0       0       0       0       0
       0       0       0       0       0       0       0       0       0       0
       0       0       0       0       0       0       0       0       0       0
       0       0       0       0       0       0       0       0       0       0
       0       0       0       0       0       0       0       0       0       0
       0       0       0       0       0       0       0       0       0       0
       0       0       0       0       0       0       0       0       0       0
       0       0       0       0       0       0       0       0       0       0
       0       0       0       0       0       0       0       0       0       0
       0       0       0       0       0       0       0       0       0       0
       0       0       0       0       0       0       0       0       0       0
       0       0       0       0       0       0       0       0       0       0
       0       0       0       0       0       0       0       0       0       0
       0       0       0       0       0       0       0       0       0       0
       0       0       0       0       0       0       0       0       0       0
       0       0       0       0       0       0       0       0       0       0
       0       0       0       0       0       0       0       0       0       0
       0       0       0       0       0       0       0       0       0       0
       0       0       0       0       0       0       0       0       0       0
       0       0       0       0
