 2400
 1000
 10000
 10000
 7000
 10000
 0
 300000
 299060
 19000
 1042
 80100
 4655
 0
 1000
 1
 1
 1
 1024
 77
 58407
 43658
 42627
 0
 0
 38
 56
 70
 63
 55
 67
 57
 65
 67
 75
 54
 63
 60
 60
 69
 64
 77
 52
 64
 75
 58
 77
 67
 69
 77
 63
 74
 61
 64
 59
 69
 65
 76
 73
 76
 58
 73
 80
 83
 69
 67
 69
 67
 58
 62
 76
 49
 69
 62
 74
 65
 65
 75
 82
 72
 62
 46
 69
 73
 72
 66
 76
 66
 81
 68
 66
 65
 77
 80
 73
 72
 84
 72
 57
 62
 64
 67
 70
 62
 66
 65
 92
 66
 63
 72
 54
 75
 72
 83
 94
 65
 69
 50
 70
 73
 69
 76
 60
 71
 77
 67
 74
 70
 68
 77
 76
 63
 85
 75
 70
 74
 70
 59
 47
 65
 85
 70
 63
 53
 81
 76
 81
 83
 61
 61
 76
 73
 72
 58
 74
 66
 67
 59
 57
 72
 81
 73
 57
 64
 74
 71
 72
 68
 53
 67
 70
 65
 52
 71
 75
 75
 65
 67
 62
 59
 69
 68
 54
 68
 53
 61
 67
 63
 68
 78
 67
 68
 89
 65
 71
 62
 68
 70
 68
 51
 68
 65
 75
 67
 73
 79
 67
 65
 72
 67
 64
 71
 63
 66
 61
 51
 78
 84
 81
 77
 70
 65
 85
 85
 76
 75
 84
 81
 70
 86
 68
 77
 73
 81
 81
 91
 83
 90
 81
 76
 69
 88
 88
 78
 74
 76
 76
 86
 82
 89
 87
 73
 79
 70
 77
 88
 92
 90
 87
 90
 82
 87
 98
 90
 102
 93
 81
 107
 96
 77
 104
 91
 96
 77
 84
 88
 91
 87
 88
 94
 78
 69
 82
 72
 72
 76
 59
 82
 81
 97
 85
 90
 79
 90
 81
 87
 85
 81
 75
 72
 104
 78
 90
 88
 105
 108
 74
 97
 76
 98
 78
 90
 71
 86
 83
 90
 77
 90
 80
 81
 77
 83
 83
 103
 91
 84
 78
 94
 71
 59
 65
 76
 76
 64
 90
 89
 69
 85
 73
 96
 94
 116
 110
 98
 107
 95
 93
 79
 82
 74
 75
 82
 95
 109
 92
 81
 89
 93
 95
 101
 107
 88
 98
 105
 87
 92
 96
 85
 85
 84
 98
 101
 83
 78
 100
 107
 84
 95
 75
 84
 106
 97
 78
 86
 103
 98
 74
 81
 91
 83
 87
 70
 87
 77
 72
 56
 80
 80
 89
 89
 74
 86
 80
 77
 79
 71
 61
 49
 65
 61
 55
 56
 61
 59
 57
 24
 31
 45
 23
 24
 26
 20
 23
 23
 26
 28
 45
 29
 34
 30
 29
 28
 21
 17
 25
 40
 21
 22
 23
 22
 22
 30
 22
 28
 27
 22
 39
 27
 17
 21
 37
 33
 25
 30
 25
 21
 16
 28
 21
 20
 18
 21
 16
 16
 21
 19
 35
 68
 89
 153
 262
 463
 655
 964
 1241
 1606
 1931
 2113
 2318
 2376
 2481
 2365
 2372
 2124
 1814
 1487
 1067
 593
 327
 166
 63
 28
 4
 3
 1
 0
 0
 0
 0
 0
 0
 0
 0
 0
 0
 0
 0
 0
 0
 0
 0
 0
 0
 0
 0
 0
 1
 0
 0
 0
 0
 0
 1
 0
 0
 0
 0
 1
 0
 1
 0
 0
 0
 0
 0
 0
 0
 1
 0
 0
 0
 3
 1
 0
 2
 0
 0
 0
 0
 1
 2
 0
 3
 3
 1
 3
 1
 1
 2
 1
 0
 1
 0
 1
 0
 2
 1
 1
 1
 0
 0
 0
 0
 0
 1
 0
 0
 0
 0
 1
 0
 0
 0
 0
 0
 0
 0
 0
 0
 0
 0
 0
 0
 0
 0
 0
 0
 0
 0
 0
 0
 0
 0
 0
 0
 0
 0
 0
 0
 0
 0
 0
 0
 0
 0
 0
 0
 0
 0
 0
 0
 0
 0
 0
 0
 0
 0
 0
 0
 0
 0
 0
 0
 0
 0
 0
 0
 0
 0
 0
 0
 0
 0
 0
 0
 0
 1
 0
 0
 0
 0
 0
 0
 0
 0
 0
 0
 0
 0
 0
 0
 0
 0
 0
 0
 0
 0
 0
 0
 0
 0
 0
 0
 0
 0
 1
 0
 0
 0
 0
 0
 0
 0
 0
 0
 0
 1
 0
 0
 0
 0
 0
 0
 0
 0
 0
 0
 0
 0
 0
 0
 0
 0
 0
 0
 0
 0
 0
 0
 0
 0
 0
 0
 0
 0
 0
 0
 0
 0
 0
 0
 0
 0
 0
 0
 0
 0
 0
 0
 0
 0
 0
 0
 0
 0
 0
 0
 0
 0
 0
 0
 0
 0
 0
 0
 0
 0
 0
 0
 0
 0
 0
 0
 0
 0
 0
 0
 0
 0
 0
 0
 0
 0
 0
 0
 0
 0
 0
 0
 0
 0
 0
 0
 0
 0
 0
 0
 0
 0
 0
 0
 0
 0
 0
 0
 0
 0
 0
 0
 0
 0
 0
 0
 0
 0
 0
 0
 0
 0
 0
 0
 0
 0
 0
 0
 0
 0
 0
 0
 0
 0
 0
 0
 0
 0
 0
 0
 0
 0
 0
 0
 0
 0
 0
 0
 0
 0
 0
 0
 0
 0
 0
 0
 0
 0
 0
 0
 0
 0
 0
 0
 0
 0
 0
 0
 0
 0
 0
 0
 0
 0
 0
 0
 0
 0
 0
 0
 0
 0
 0
 0
 0
 0
 0
 0
 0
 0
 0
 0
 0
 0
 0
 0
 0
 0
 0
 0
 0
 0
 0
 0
 0
 0
 0
 0
 0
 0
 0
 0
 0
 0
 0
 0
 0
 0
 0
 0
 0
 0
 0
 0
 0
 0
 0
 0
 0
 0
 0
 0
 0
 0
 0
 0
 0
 0
 0
 0
 0
 0
 0
 0
 0
 0
 0
 0
 0
 0
 0
 0
 0
 0
 0
 0
 0
 0
 0
 0
 0
 0
 0
 0
 0
 0
 0
 0
 0
 0
 0
 0
 0
 0
 0
 0
 0
 0
 0
 0
 0
 0
 0
 0
 0
 1
 0
 0
 0
 0
 0
 0
 0
 0
 0
 0
 0
 0
 0
 0
 0
 0
 0
 0
 0
 0
 0
 0
 0
 0
 0
 0
 0
 0
 0
 0
 0
 0
 0
 0
 0
 0
 0
 0
 0
 0
 0
 0
 0
 0
 0
 0
 0
 0
 0
 0
 0
 0
 0
 0
 0
 0
 0
 0
 0
 0
 0
