 2400
 1000
 10000
 10000
 7000
 60000
 0
 300000
 299520
 12000
 672
 123700
 5341
 0
 1000
 1
 1
 1
 1024
 80
 53436
 43658
 42618
 0
 0
 171
 148
 163
 145
 160
 146
 160
 159
 162
 161
 186
 155
 156
 200
 169
 165
 149
 172
 170
 145
 159
 170
 183
 153
 168
 185
 175
 198
 178
 178
 186
 163
 171
 190
 153
 168
 188
 167
 190
 173
 160
 190
 151
 200
 178
 165
 179
 155
 184
 191
 199
 191
 197
 188
 225
 201
 188
 197
 207
 186
 196
 164
 179
 166
 178
 193
 215
 193
 177
 184
 192
 188
 194
 185
 203
 193
 195
 200
 192
 217
 184
 210
 181
 172
 202
 207
 208
 201
 204
 206
 204
 190
 192
 206
 192
 192
 227
 209
 181
 188
 196
 180
 196
 159
 202
 207
 219
 207
 209
 190
 194
 193
 202
 185
 226
 204
 177
 192
 209
 190
 198
 222
 199
 177
 191
 200
 214
 232
 189
 174
 205
 196
 186
 184
 194
 199
 160
 210
 222
 216
 199
 211
 173
 188
 243
 245
 210
 217
 185
 220
 225
 206
 185
 217
 204
 235
 203
 196
 206
 223
 205
 213
 196
 201
 220
 210
 214
 212
 235
 222
 195
 218
 183
 225
 213
 207
 213
 209
 230
 224
 220
 213
 191
 187
 198
 215
 192
 226
 201
 209
 195
 193
 202
 186
 186
 188
 197
 178
 184
 175
 175
 177
 221
 201
 186
 184
 209
 183
 185
 166
 180
 206
 208
 203
 212
 197
 205
 180
 193
 191
 205
 199
 190
 199
 219
 210
 199
 214
 200
 211
 212
 186
 222
 189
 189
 185
 192
 205
 203
 214
 227
 246
 240
 212
 243
 228
 217
 212
 245
 245
 270
 268
 244
 232
 216
 209
 243
 223
 208
 200
 248
 248
 215
 211
 224
 242
 226
 239
 222
 259
 233
 252
 207
 216
 204
 248
 223
 224
 236
 240
 250
 249
 250
 238
 247
 218
 248
 224
 272
 263
 262
 216
 186
 177
 194
 211
 167
 177
 210
 204
 188
 193
 225
 206
 211
 228
 200
 224
 194
 216
 216
 193
 206
 220
 218
 240
 236
 201
 202
 199
 210
 195
 177
 188
 185
 181
 205
 178
 199
 209
 178
 177
 190
 178
 181
 179
 167
 135
 143
 153
 147
 120
 167
 160
 197
 191
 185
 147
 123
 103
 61
 21
 10
 8
 7
 4
 3
 4
 2
 6
 4
 4
 5
 7
 8
 2
 2
 2
 4
 6
 1
 1
 3
 7
 5
 4
 4
 1
 2
 3
 8
 1
 3
 0
 3
 1
 2
 1
 3
 6
 6
 10
 10
 6
 22
 44
 123
 527
 1282
 2157
 2670
 2625
 1417
 237
 27
 5
 0
 0
 0
 2
 0
 4
 0
 2
 0
 3
 1
 0
 0
 0
 1
 3
 0
 1
 0
 1
 1
 1
 0
 0
 0
 0
 0
 1
 0
 0
 0
 0
 0
 2
 0
 1
 0
 0
 0
 0
 1
 0
 0
 1
 1
 3
 0
 0
 0
 1
 2
 0
 2
 3
 0
 1
 1
 3
 3
 3
 2
 1
 0
 1
 2
 4
 3
 6
 3
 3
 4
 2
 2
 6
 2
 2
 2
 2
 1
 4
 2
 4
 2
 1
 3
 1
 3
 1
 2
 0
 1
 1
 1
 2
 1
 1
 1
 0
 0
 2
 0
 1
 1
 0
 1
 0
 0
 0
 0
 0
 0
 0
 0
 0
 0
 0
 0
 0
 0
 0
 0
 0
 0
 0
 0
 0
 0
 0
 0
 0
 0
 0
 0
 0
 0
 0
 0
 0
 0
 0
 0
 0
 0
 0
 0
 0
 0
 1
 0
 0
 0
 0
 0
 0
 0
 0
 0
 0
 0
 0
 0
 0
 0
 0
 0
 0
 0
 0
 0
 0
 0
 0
 0
 0
 0
 0
 0
 0
 0
 0
 0
 0
 0
 0
 0
 0
 0
 0
 0
 0
 0
 0
 0
 0
 0
 0
 0
 0
 0
 0
 0
 0
 0
 0
 0
 0
 0
 0
 0
 0
 0
 0
 0
 0
 0
 0
 0
 0
 0
 0
 0
 0
 0
 0
 0
 0
 0
 0
 0
 0
 0
 0
 0
 0
 0
 0
 0
 0
 0
 0
 0
 0
 0
 0
 0
 0
 0
 0
 0
 0
 0
 0
 0
 1
 0
 0
 0
 0
 0
 0
 0
 0
 0
 0
 0
 0
 0
 0
 0
 0
 0
 0
 0
 0
 0
 0
 0
 0
 0
 1
 0
 0
 0
 0
 0
 0
 0
 0
 0
 0
 0
 0
 0
 0
 0
 0
 0
 0
 0
 0
 0
 0
 0
 0
 0
 0
 0
 0
 0
 0
 0
 0
 0
 0
 0
 0
 0
 0
 0
 0
 0
 0
 0
 0
 0
 0
 0
 0
 0
 0
 0
 0
 0
 0
 0
 0
 0
 0
 0
 0
 0
 0
 0
 0
 0
 0
 0
 0
 0
 0
 0
 0
 0
 0
 0
 0
 0
 0
 0
 0
 0
 0
 0
 0
 0
 0
 0
 0
 0
 0
 0
 0
 0
 0
 0
 0
 0
 0
 0
 0
 0
 0
 0
 0
 0
 0
 0
 0
 0
 0
 0
 0
 0
 0
 0
 0
 0
 0
 0
 0
 0
 0
 0
 0
 0
 0
 0
 0
 0
 0
 0
 0
 0
 0
 0
 0
 0
 0
 0
 0
 0
 0
 0
 0
 0
 0
 0
 0
 0
 0
 0
 0
 0
 0
 0
 0
 0
 0
 0
 0
 0
 0
 0
 0
 0
 0
 0
 0
 0
 0
 0
 0
 0
 0
 0
 0
 0
 0
 0
 0
 0
 0
 0
 0
 0
 0
 0
 0
 0
 0
 0
 0
 0
 0
 0
 0
 0
 0
 0
 0
 0
 0
 0
 0
 0
 0
 0
 0
 0
 0
 0
 0
 0
 0
 0
 0
 0
 0
 0
 0
 0
 0
 0
 0
 0
 0
 0
 0
 0
 0
 0
 0
 0
 0
 0
 0
 0
 0
 0
 0
 0
 0
 0
 0
 0
 0
 0
 0
 0
 0
 0
 0
 0
 0
 0
 0
 0
 0
 0
 0
 0
 0
 0
 0
 0
 0
 0
 0
 0
 0
 0
 0
 0
 0
 0
 0
 0
 0
 0
 0
 0
 0
 0
 0
 0
 0
 0
 0
 0
 0
 0
 0
 0
 0
 0
 0
 0
 0
 0
 0
 0
 0
 0
 0
 0
 0
 0
 0
 0
 0
 0
 0
 0
